index,label
0,0
1,0
2,0
3,0
4,0
5,0
6,0
7,0
8,0
9,0
10,0
11,0
12,0
13,0
14,0
15,0
16,0
17,0
18,0
19,0
20,0
21,0
22,0
23,0
24,2
25,2
26,0
27,0
28,1
29,1
30,0
31,0
32,2
33,2
34,2
35,0
36,0
37,0
38,0
39,0
40,0
41,0
42,0
43,0
44,0
45,1
46,1
47,0
48,0
49,0
50,0
51,0
52,0
53,0
54,0
55,0
56,1
57,0
58,0
59,0
60,0
61,0
62,0
63,0
64,0
65,0
66,1
67,1
68,0
69,0
70,0
71,0
72,0
73,0
74,0
75,0
76,0
77,0
78,0
79,0
80,0
81,0
82,0
83,0
84,0
85,0
86,2
87,0
88,0
89,1
90,0
91,0
92,0
93,2
94,2
95,0
96,0
97,0
98,2
99,2
100,0
101,0
102,1
103,1
104,2
105,2
106,0
107,0
108,0
109,0
110,1
111,0
112,0
113,0
114,0
115,0
116,0
117,0
118,0
119,0
120,0
121,0
122,2
123,0
124,0
125,2
126,0
127,0
128,2
129,0
130,2
131,0
132,1
133,0
134,0
135,0
136,0
137,0
138,0
139,0
140,0
141,0
142,0
143,0
144,0
145,0
146,0
147,0
148,0
149,0
150,0
151,0
152,0
153,0
154,0
155,0
156,0
157,0
158,0
159,0
160,0
161,2
162,2
163,0
164,2
165,0
166,2
167,0
168,0
169,2
170,2
171,2
172,0
173,0
174,0
175,0
176,0
177,0
178,0
179,0
180,0
181,2
182,2
183,2
184,0
185,0
186,0
187,0
188,0
189,0
190,0
191,0
192,0
193,1
194,0
195,1
196,0
197,0
198,0
199,0
200,0
201,2
202,0
203,2
204,1
205,0
206,0
207,0
208,0
209,0
210,0
211,0
212,0
213,2
214,1
215,0
216,2
217,0
218,0
219,0
220,0
221,0
222,0
223,2
224,0
225,0
226,2
227,0
228,0
229,0
230,2
231,2
232,0
233,0
234,0
235,2
236,2
237,0
238,0
239,2
240,1
241,2
242,2
243,0
244,0
245,0
246,0
247,1
248,0
249,1
250,0
251,0
252,0
253,0
254,0
255,0
256,0
257,0
258,0
259,2
260,0
261,0
262,2
263,0
264,0
265,2
266,2
267,2
268,0
269,1
270,0
271,0
272,0
273,0
274,0
275,0
276,0
277,0
278,0
279,0
280,0
281,0
282,0
283,0
284,0
285,0
286,0
287,0
288,0
289,0
290,0
291,0
292,0
293,0
294,0
295,0
296,0
297,0
298,2
299,2
300,0
301,0
302,0
303,0
304,0
305,0
306,0
307,2
308,2
309,0
310,0
311,0
312,0
313,0
314,0
315,0
316,0
317,0
318,0
319,0
320,0
321,0
322,0
323,0
324,0
325,0
326,0
327,0
328,0
329,0
330,0
331,0
332,0
333,0
334,0
335,0
336,0
337,0
338,0
339,0
340,0
341,0
342,0
343,0
344,0
345,0
346,0
347,0
348,0
349,0
350,0
351,0
352,0
353,0
354,0
355,0
356,0
357,0
358,0
359,0
360,0
361,0
362,0
363,0
364,0
365,0
366,0
367,2
368,0
369,0
370,0
371,0
372,0
373,0
374,0
375,0
376,0
377,0
378,0
379,0
380,0
381,0
382,0
383,0
384,0
385,0
386,0
387,0
388,0
389,0
390,0
391,0
392,0
393,0
394,0
395,0
396,2
397,0
398,0
399,2
400,0
401,0
402,0
403,0
404,0
405,0
406,0
407,0
408,0
409,0
410,0
411,0
412,0
413,0
414,0
415,0
416,0
417,0
418,0
419,0
420,0
421,0
422,0
423,0
424,0
425,0
426,0
427,0
428,0
429,0
430,0
431,0
432,0
433,0
434,0
435,2
436,2
437,0
438,0
439,0
440,0
441,0
442,0
443,0
444,2
445,2
446,0
447,0
448,0
449,0
450,0
451,0
452,0
453,0
454,0
455,0
456,1
457,1
458,0
459,0
460,0
461,0
462,0
463,0
464,0
465,0
466,0
467,1
468,0
469,0
470,0
471,0
472,0
473,0
474,0
475,0
476,0
477,0
478,1
479,0
480,0
481,0
482,0
483,0
484,0
485,0
486,0
487,0
488,0
489,0
490,0
491,0
492,0
493,0
494,0
495,0
496,0
497,0
498,0
499,0
500,0
501,0
502,0
503,0
504,2
505,0
506,0
507,0
508,0
509,1
510,2
511,0
512,0
513,1
514,1
515,0
516,2
517,0
518,0
519,0
520,0
521,1
522,0
523,0
524,0
525,0
526,0
527,0
528,0
529,0
530,0
531,0
532,0
533,2
534,0
535,0
536,2
537,0
538,0
539,0
540,0
541,2
542,0
543,1
544,0
545,0
546,0
547,0
548,0
549,0
550,0
551,0
552,0
553,0
554,0
555,0
556,0
557,0
558,0
559,0
560,0
561,0
562,0
563,0
564,0
565,0
566,0
567,0
568,0
569,0
570,0
571,0
572,2
573,2
574,0
575,0
576,0
577,1
578,0
579,0
580,2
581,2
582,2
583,0
584,0
585,0
586,0
587,0
588,0
589,0
590,0
591,0
592,0
593,1
594,1
595,0
596,0
597,0
598,0
599,0
600,0
601,0
602,0
603,0
604,0
605,0
606,0
607,0
608,0
609,0
610,0
611,0
612,0
613,0
614,1
615,1
616,0
617,0
618,0
619,0
620,0
621,0
622,0
623,0
624,0
625,0
626,0
627,0
628,0
629,0
630,0
631,0
632,0
633,0
634,1
635,0
636,0
637,1
638,0
639,0
640,0
641,2
642,0
643,0
644,0
645,0
646,1
647,0
648,0
649,0
650,1
651,1
652,0
653,0
654,0
655,0
656,0
657,0
658,1
659,0
660,0
661,0
662,0
663,0
664,0
665,0
666,0
667,0
668,0
669,0
670,2
671,0
672,0
673,2
674,0
675,0
676,0
677,0
678,2
679,0
680,0
681,0
682,0
683,0
684,0
685,0
686,0
687,0
688,0
689,0
690,0
691,0
692,0
693,0
694,0
695,0
696,0
697,0
698,0
699,0
700,0
701,0
702,0
703,0
704,0
705,0
706,0
707,0
708,0
709,2
710,2
711,0
712,0
713,0
714,1
715,0
716,0
717,2
718,2
719,2
720,0
721,0
722,0
723,0
724,0
725,0
726,0
727,0
728,0
729,0
730,1
731,1
732,0
733,0
734,0
735,0
736,0
737,0
738,0
739,0
740,0
741,0
742,0
743,0
744,0
745,0
746,0
747,0
748,0
749,0
750,0
751,0
752,1
753,0
754,0
755,0
756,0
757,0
758,0
759,0
760,0
761,0
762,0
763,0
764,0
765,0
766,0
767,0
768,0
769,0
770,0
771,0
772,0
773,0
774,0
775,0
776,0
777,0
778,2
779,0
780,0
781,0
782,0
783,0
784,2
785,0
786,0
787,1
788,0
789,0
790,2
791,0
792,0
793,0
794,0
795,1
796,0
797,0
798,0
799,0
800,0
801,0
802,0
803,0
804,0
805,0
806,0
807,2
808,0
809,0
810,2
811,0
812,0
813,2
814,0
815,2
816,0
817,1
818,0
819,0
820,0
821,0
822,0
823,0
824,0
825,0
826,0
827,0
828,0
829,0
830,0
831,0
832,0
833,0
834,0
835,0
836,0
837,0
838,0
839,0
840,0
841,0
842,0
843,0
844,0
845,0
846,2
847,2
848,2
849,1
850,2
851,1
852,0
853,0
854,2
855,2
856,2
857,2
858,0
859,0
860,0
861,0
862,0
863,0
864,0
865,0
866,2
867,1
868,0
869,0
870,0
871,0
872,0
873,0
874,0
875,0
876,2
877,0
878,0
879,0
880,0
881,0
882,0
883,0
884,0
885,0
886,0
887,0
888,1
889,1
890,0
891,0
892,0
893,0
894,0
895,0
896,0
897,0
898,0
899,0
900,0
901,0
902,0
903,2
904,0
905,0
906,0
907,0
908,2
909,0
910,0
911,1
912,0
913,0
914,0
915,2
916,2
917,0
918,0
919,0
920,2
921,2
922,0
923,0
924,1
925,0
926,1
927,2
928,0
929,0
930,0
931,2
932,2
933,0
934,0
935,2
936,0
937,0
938,0
939,0
940,0
941,0
942,0
943,0
944,2
945,0
946,0
947,2
948,0
949,0
950,2
951,2
952,2
953,0
954,1
955,0
956,0
957,0
958,0
959,0
960,0
961,0
962,0
963,0
964,0
965,0
966,0
967,0
968,0
969,0
970,0
971,0
972,0
973,0
974,0
975,0
976,0
977,0
978,0
979,0
980,0
981,0
982,0
983,2
984,2
985,0
986,0
987,0
988,1
989,0
990,0
991,2
992,2
993,2
994,0
995,0
996,0
997,0
998,0
999,0
1000,0
1001,0
1002,0
1003,0
1004,2
1005,1
1006,0
1007,0
1008,0
1009,0
1010,0
1011,0
1012,0
1013,0
1014,0
1015,1
1016,0
1017,0
1018,0
1019,0
1020,0
1021,0
1022,0
1023,0
1024,0
1025,0
1026,1
1027,0
1028,0
1029,0
1030,0
1031,0
1032,0
1033,0
1034,0
1035,0
1036,0
1037,0
1038,0
1039,0
1040,0
1041,0
1042,0
1043,0
1044,0
1045,2
1046,0
1047,0
1048,2
1049,0
1050,0
1051,0
1052,2
1053,1
1054,0
1055,0
1056,0
1057,0
1058,2
1059,0
1060,0
1061,1
1062,0
1063,1
1064,2
1065,0
1066,0
1067,0
1068,0
1069,1
1070,0
1071,0
1072,0
1073,0
1074,0
1075,0
1076,0
1077,0
1078,0
1079,0
1080,0
1081,2
1082,0
1083,0
1084,2
1085,0
1086,0
1087,2
1088,0
1089,2
1090,0
1091,0
1092,0
1093,0
1094,0
1095,0
1096,0
1097,0
1098,0
1099,0
1100,0
1101,0
1102,0
1103,0
1104,0
1105,0
1106,0
1107,0
1108,0
1109,0
1110,0
1111,0
1112,0
1113,0
1114,0
1115,0
1116,0
1117,0
1118,0
1119,0
1120,2
1121,2
1122,0
1123,0
1124,0
1125,1
1126,0
1127,0
1128,0
1129,2
1130,2
1131,0
1132,0
1133,0
1134,0
1135,0
1136,0
1137,0
1138,0
1139,0
1140,0
1141,1
1142,0
1143,0
1144,0
1145,0
1146,0
1147,0
1148,0
1149,0
1150,0
1151,0
1152,0
1153,0
1154,0
1155,0
1156,0
1157,0
1158,0
1159,0
1160,0
1161,0
1162,0
1163,0
1164,0
1165,0
1166,0
1167,0
1168,0
1169,0
1170,0
1171,0
1172,0
1173,0
1174,0
1175,0
1176,0
1177,0
1178,0
1179,0
1180,0
1181,0
1182,0
1183,0
1184,0
1185,0
1186,0
1187,0
1188,0
1189,2
1190,0
1191,0
1192,0
1193,0
1194,2
1195,0
1196,0
1197,0
1198,0
1199,0
1200,0
1201,2
1202,0
1203,0
1204,0
1205,0
1206,1
1207,0
1208,0
1209,0
1210,0
1211,0
1212,0
1213,0
1214,0
1215,0
1216,0
1217,0
1218,2
1219,0
1220,0
1221,2
1222,0
1223,0
1224,0
1225,0
1226,0
1227,0
1228,0
1229,0
1230,0
1231,0
1232,0
1233,0
1234,0
1235,0
1236,0
1237,0
1238,0
1239,0
1240,0
1241,0
1242,0
1243,0
1244,0
1245,0
1246,0
1247,0
1248,0
1249,0
1250,0
1251,0
1252,0
1253,0
1254,0
1255,0
1256,0
1257,2
1258,2
1259,0
1260,0
1261,0
1262,1
1263,0
1264,0
1265,0
1266,2
1267,2
1268,0
1269,0
1270,0
1271,0
1272,0
1273,0
1274,0
1275,0
1276,0
1277,0
1278,1
1279,0
1280,0
1281,0
1282,0
1283,0
1284,0
1285,0
1286,0
1287,0
1288,0
1289,0
1290,0
1291,0
1292,0
1293,0
1294,0
1295,0
1296,0
1297,0
1298,0
1299,0
1300,1
1301,0
1302,0
1303,0
1304,0
1305,0
1306,0
1307,0
1308,0
1309,0
1310,0
1311,0
1312,0
1313,0
1314,0
1315,0
1316,0
1317,0
1318,0
1319,0
1320,0
1321,0
1322,0
1323,0
1324,0
1325,0
1326,2
1327,0
1328,0
1329,0
1330,0
1331,0
1332,0
1333,0
1334,0
1335,0
1336,1
1337,0
1338,2
1339,0
1340,0
1341,0
1342,0
1343,1
1344,0
1345,0
1346,0
1347,0
1348,0
1349,0
1350,0
1351,0
1352,0
1353,0
1354,0
1355,2
1356,0
1357,0
1358,2
1359,0
1360,0
1361,2
1362,0
1363,2
1364,0
1365,1
1366,0
1367,0
1368,0
1369,0
1370,0
1371,0
1372,0
1373,0
1374,0
1375,0
1376,0
1377,0
1378,0
1379,0
1380,0
1381,0
1382,0
1383,0
1384,0
1385,0
1386,0
1387,0
1388,0
1389,0
1390,0
1391,0
1392,0
1393,0
1394,2
1395,2
1396,0
1397,0
1398,0
1399,0
1400,0
1401,0
1402,0
1403,2
1404,2
1405,0
1406,0
1407,0
1408,0
1409,0
1410,0
1411,0
1412,0
1413,0
1414,0
1415,0
1416,0
1417,0
1418,0
1419,0
1420,0
1421,0
1422,0
1423,0
1424,0
1425,0
1426,0
1427,0
1428,0
1429,0
1430,0
1431,0
1432,0
1433,0
1434,0
1435,0
1436,0
1437,0
1438,0
1439,0
1440,0
1441,0
1442,0
1443,0
1444,0
1445,0
1446,0
1447,0
1448,0
1449,0
1450,0
1451,0
1452,0
1453,0
1454,0
1455,0
1456,0
1457,0
1458,0
1459,0
1460,0
1461,0
1462,0
1463,2
1464,0
1465,0
1466,0
1467,0
1468,0
1469,0
1470,0
1471,0
1472,0
1473,0
1474,0
1475,0
1476,0
1477,0
1478,0
1479,0
1480,0
1481,0
1482,0
1483,0
1484,0
1485,0
1486,0
1487,0
1488,0
1489,0
1490,0
1491,0
1492,0
1493,0
1494,0
1495,2
1496,0
1497,0
1498,0
1499,0
1500,0
1501,0
1502,0
1503,0
1504,0
1505,0
1506,0
1507,0
1508,0
1509,0
1510,0
1511,0
1512,0
1513,0
1514,0
1515,0
1516,0
1517,0
1518,0
1519,0
1520,0
1521,0
1522,0
1523,0
1524,0
1525,0
1526,0
1527,0
1528,0
1529,0
1530,0
1531,2
1532,2
1533,0
1534,0
1535,0
1536,1
1537,0
1538,0
1539,0
1540,2
1541,2
1542,0
1543,0
1544,0
1545,0
1546,0
1547,0
1548,0
1549,0
1550,0
1551,0
1552,1
1553,0
1554,0
1555,0
1556,0
1557,0
1558,0
1559,0
1560,0
1561,0
1562,0
1563,0
1564,0
1565,0
1566,0
1567,0
1568,0
1569,0
1570,0
1571,0
1572,0
1573,0
1574,0
1575,0
1576,0
1577,0
1578,0
1579,0
1580,0
1581,0
1582,0
1583,0
1584,0
1585,0
1586,0
1587,0
1588,0
1589,0
1590,0
1591,0
1592,0
1593,0
1594,0
1595,0
1596,0
1597,0
1598,0
1599,0
1600,2
1601,0
1602,0
1603,0
1604,0
1605,0
1606,2
1607,0
1608,0
1609,0
1610,0
1611,0
1612,2
1613,0
1614,0
1615,0
1616,0
1617,0
1618,0
1619,0
1620,0
1621,0
1622,0
1623,0
1624,0
1625,0
1626,0
1627,0
1628,0
1629,2
1630,0
1631,0
1632,2
1633,0
1634,0
1635,0
1636,0
1637,0
1638,0
1639,0
1640,0
1641,0
1642,0
1643,0
1644,0
1645,0
1646,0
1647,0
1648,0
1649,0
1650,0
1651,0
1652,0
1653,0
1654,0
1655,0
1656,0
1657,0
1658,0
1659,0
1660,0
1661,0
1662,0
1663,0
1664,0
1665,0
1666,0
1667,0
1668,2
1669,2
1670,0
1671,0
1672,0
1673,1
1674,0
1675,0
1676,2
1677,2
1678,2
1679,0
1680,0
1681,0
1682,0
1683,0
1684,0
1685,0
1686,0
1687,0
1688,0
1689,1
1690,1
1691,0
1692,0
1693,0
1694,0
1695,0
1696,0
1697,0
1698,0
1699,0
1700,0
1701,0
1702,0
1703,0
1704,0
1705,0
1706,0
1707,0
1708,0
1709,0
1710,0
1711,1
1712,0
1713,0
1714,0
1715,0
1716,0
1717,0
1718,0
1719,0
1720,0
1721,0
1722,0
1723,0
1724,0
1725,0
1726,0
1727,0
1728,0
1729,0
1730,2
1731,0
1732,0
1733,1
1734,0
1735,0
1736,0
1737,2
1738,1
1739,0
1740,0
1741,0
1742,0
1743,0
1744,0
1745,0
1746,0
1747,0
1748,0
1749,2
1750,0
1751,0
1752,0
1753,0
1754,1
1755,0
1756,0
1757,0
1758,0
1759,0
1760,0
1761,0
1762,0
1763,0
1764,0
1765,0
1766,2
1767,0
1768,0
1769,2
1770,0
1771,0
1772,0
1773,0
1774,2
1775,0
1776,0
1777,0
1778,0
1779,0
1780,0
1781,0
1782,0
1783,0
1784,0
1785,0
1786,0
1787,0
1788,0
1789,0
1790,0
1791,0
1792,0
1793,0
1794,0
1795,0
1796,0
1797,0
1798,0
1799,0
1800,0
1801,0
1802,0
1803,0
1804,0
1805,2
1806,2
1807,0
1808,0
1809,0
1810,0
1811,0
1812,0
1813,0
1814,2
1815,2
1816,0
1817,0
1818,0
1819,0
1820,0
1821,0
1822,0
1823,0
1824,0
1825,0
1826,0
1827,0
1828,0
1829,0
1830,0
1831,0
1832,0
1833,0
1834,0
1835,0
1836,0
1837,0
1838,0
1839,0
1840,0
1841,0
1842,0
1843,0
1844,0
1845,0
1846,0
1847,0
1848,1
1849,0
1850,0
1851,0
1852,0
1853,0
1854,0
1855,0
1856,0
1857,0
1858,0
1859,0
1860,0
1861,0
1862,0
1863,0
1864,0
1865,0
1866,0
1867,0
1868,0
1869,0
1870,0
1871,0
1872,0
1873,0
1874,2
1875,0
1876,0
1877,0
1878,0
1879,0
1880,2
1881,0
1882,0
1883,0
1884,0
1885,0
1886,0
1887,0
1888,0
1889,0
1890,0
1891,0
1892,0
1893,0
1894,0
1895,0
1896,0
1897,0
1898,0
1899,0
1900,0
1901,0
1902,0
1903,0
1904,0
1905,0
1906,2
1907,0
1908,0
1909,0
1910,0
1911,0
1912,0
1913,0
1914,0
1915,0
1916,0
1917,0
1918,0
1919,0
1920,0
1921,0
1922,0
1923,0
1924,0
1925,0
1926,0
1927,0
1928,0
1929,0
1930,0
1931,0
1932,0
1933,0
1934,0
1935,0
1936,0
1937,0
1938,0
1939,0
1940,0
1941,0
1942,2
1943,2
1944,0
1945,1
1946,0
1947,1
1948,0
1949,0
1950,2
1951,2
1952,2
1953,0
1954,0
1955,0
1956,0
1957,0
1958,0
1959,0
1960,0
1961,0
1962,2
1963,1
1964,1
1965,0
1966,0
1967,0
1968,0
1969,0
1970,0
1971,0
1972,2
1973,0
1974,1
1975,0
1976,0
1977,0
1978,0
1979,0
1980,0
1981,0
1982,0
1983,0
1984,0
1985,1
1986,0
1987,0
1988,0
1989,0
1990,0
1991,0
1992,0
1993,0
1994,2
1995,0
1996,0
1997,0
1998,0
1999,0
2000,0
2001,0
2002,0
2003,0
2004,0
2005,0
2006,0
2007,0
2008,0
2009,0
2010,0
2011,2
2012,1
2013,0
2014,0
2015,0
2016,2
2017,2
2018,0
2019,0
2020,0
2021,0
2022,0
2023,2
2024,0
2025,0
2026,0
2027,0
2028,1
2029,0
2030,0
2031,0
2032,0
2033,0
2034,0
2035,0
2036,0
2037,0
2038,0
2039,0
2040,2
2041,0
2042,0
2043,2
2044,0
2045,0
2046,0
2047,0
2048,2
2049,0
2050,1
2051,0
2052,0
2053,0
2054,0
2055,0
2056,0
2057,0
2058,0
2059,0
2060,0
2061,0
2062,0
2063,0
2064,0
2065,0
2066,0
2067,0
2068,0
2069,0
2070,0
2071,0
2072,0
2073,0
2074,0
2075,0
2076,0
2077,0
2078,0
2079,2
2080,2
2081,0
2082,0
2083,0
2084,0
2085,0
2086,0
2087,0
2088,2
2089,2
2090,0
2091,0
2092,0
2093,0
2094,0
2095,0
2096,0
2097,0
2098,0
2099,0
2100,0
2101,0
2102,0
2103,0
2104,0
2105,0
2106,0
2107,0
2108,0
2109,0
2110,0
2111,0
2112,0
2113,0
2114,0
2115,0
2116,0
2117,0
2118,0
2119,0
2120,0
2121,0
2122,0
2123,0
2124,0
2125,0
2126,0
2127,0
2128,0
2129,0
2130,0
2131,0
2132,0
2133,0
2134,0
2135,0
2136,0
2137,0
2138,0
2139,0
2140,0
2141,0
2142,0
2143,0
2144,0
2145,0
2146,0
2147,0
2148,2
2149,0
2150,0
2151,0
2152,0
2153,0
2154,0
2155,0
2156,0
2157,0
2158,0
2159,0
2160,0
2161,0
2162,0
2163,0
2164,0
2165,0
2166,0
2167,0
2168,0
2169,0
2170,0
2171,0
2172,0
2173,0
2174,0
2175,0
2176,0
2177,0
2178,0
2179,0
2180,2
2181,0
2182,0
2183,0
2184,0
2185,0
2186,0
2187,0
2188,0
2189,0
2190,0
2191,0
2192,0
2193,0
2194,0
2195,0
2196,0
2197,0
2198,0
2199,0
2200,0
2201,0
2202,0
2203,0
2204,0
2205,0
2206,0
2207,0
2208,0
2209,0
2210,0
2211,0
2212,0
2213,0
2214,0
2215,0
2216,2
2217,2
2218,0
2219,0
2220,0
2221,0
2222,0
2223,0
2224,0
2225,2
2226,2
2227,0
2228,0
2229,0
2230,0
2231,0
2232,0
2233,0
2234,0
2235,0
2236,0
2237,2
2238,0
2239,0
2240,0
2241,0
2242,0
2243,0
2244,0
2245,0
2246,0
2247,0
2248,0
2249,0
2250,0
2251,0
2252,0
2253,0
2254,0
2255,0
2256,0
2257,0
2258,0
2259,0
2260,0
2261,0
2262,0
2263,0
2264,0
2265,0
2266,0
2267,0
2268,0
2269,0
2270,0
2271,0
2272,0
2273,0
2274,0
2275,0
2276,0
2277,0
2278,0
2279,0
2280,0
2281,0
2282,0
2283,0
2284,0
2285,2
2286,0
2287,0
2288,0
2289,0
2290,0
2291,0
2292,0
2293,0
2294,0
2295,0
2296,0
2297,2
2298,0
2299,0
2300,0
2301,0
2302,0
2303,0
2304,0
2305,0
2306,0
2307,0
2308,0
2309,0
2310,0
2311,0
2312,0
2313,0
2314,2
2315,0
2316,0
2317,2
2318,0
2319,0
2320,2
2321,2
2322,2
2323,0
2324,0
2325,0
2326,0
2327,0
2328,0
2329,0
2330,0
2331,0
2332,0
2333,0
2334,0
2335,0
2336,0
2337,0
2338,0
2339,0
2340,0
2341,0
2342,0
2343,0
2344,0
2345,0
2346,0
2347,0
2348,0
2349,0
2350,0
2351,0
2352,0
2353,2
2354,2
2355,0
2356,0
2357,0
2358,0
2359,0
2360,0
2361,0
2362,2
2363,2
2364,0
2365,0
2366,0
2367,0
2368,0
2369,0
2370,0
2371,0
2372,0
2373,0
2374,0
2375,0
2376,0
2377,0
2378,0
2379,0
2380,0
2381,0
2382,0
2383,0
2384,0
2385,0
2386,0
2387,0
2388,0
2389,0
2390,0
2391,0
2392,0
2393,0
2394,0
2395,0
2396,0
2397,0
2398,0
2399,0
2400,0
2401,0
2402,0
2403,0
2404,0
2405,0
2406,0
2407,0
2408,0
2409,0
2410,0
2411,0
2412,0
2413,0
2414,0
2415,0
2416,0
2417,0
2418,0
2419,0
2420,0
2421,0
2422,2
2423,0
2424,0
2425,0
2426,0
2427,0
2428,0
2429,0
2430,0
2431,0
2432,0
2433,0
2434,0
2435,0
2436,0
2437,0
2438,0
2439,0
2440,0
2441,0
2442,0
2443,0
2444,0
2445,0
2446,0
2447,0
2448,0
2449,0
2450,0
2451,2
2452,0
2453,0
2454,1
2455,0
2456,0
2457,0
2458,0
2459,2
2460,0
2461,0
2462,0
2463,0
2464,0
2465,0
2466,0
2467,0
2468,0
2469,0
2470,0
2471,0
2472,0
2473,0
2474,0
2475,0
2476,0
2477,0
2478,0
2479,0
2480,0
2481,0
2482,0
2483,0
2484,0
2485,0
2486,0
2487,0
2488,0
2489,0
2490,2
2491,2
2492,0
2493,0
2494,0
2495,1
2496,0
2497,0
2498,2
2499,2
2500,2
2501,0
2502,0
2503,0
2504,0
2505,0
2506,0
2507,0
2508,0
2509,0
2510,0
2511,1
2512,1
2513,0
2514,0
2515,0
2516,0
2517,0
2518,0
2519,0
2520,0
2521,0
2522,0
2523,0
2524,0
2525,0
2526,0
2527,0
2528,0
2529,0
2530,0
2531,0
2532,0
2533,1
2534,0
2535,0
2536,0
2537,0
2538,0
2539,0
2540,0
2541,0
2542,0
2543,0
2544,0
2545,0
2546,0
2547,0
2548,0
2549,0
2550,0
2551,0
2552,2
2553,0
2554,0
2555,2
2556,0
2557,0
2558,0
2559,2
2560,2
2561,0
2562,0
2563,0
2564,0
2565,0
2566,0
2567,0
2568,2
2569,0
2570,2
2571,2
2572,0
2573,0
2574,0
2575,0
2576,1
2577,0
2578,0
2579,0
2580,0
2581,2
2582,0
2583,0
2584,0
2585,0
2586,0
2587,0
2588,2
2589,0
2590,0
2591,2
2592,0
2593,0
2594,2
2595,0
2596,2
2597,0
2598,1
2599,0
2600,0
2601,0
2602,0
2603,0
2604,0
2605,0
2606,0
2607,0
2608,0
2609,0
2610,0
2611,0
2612,0
2613,0
2614,0
2615,0
2616,0
2617,0
2618,0
2619,0
2620,0
2621,0
2622,0
2623,0
2624,0
2625,0
2626,0
2627,2
2628,2
2629,0
2630,0
2631,0
2632,0
2633,0
2634,0
2635,2
2636,2
2637,2
2638,0
2639,0
2640,0
2641,0
2642,0
2643,0
2644,0
2645,0
2646,0
2647,0
2648,2
2649,1
2650,0
2651,0
2652,0
2653,0
2654,0
2655,0
2656,0
2657,0
2658,0
2659,0
2660,0
2661,0
2662,0
2663,0
2664,0
2665,0
2666,0
2667,2
2668,0
2669,0
2670,1
2671,0
2672,0
2673,0
2674,0
2675,0
2676,0
2677,0
2678,0
2679,2
2680,0
2681,0
2682,2
2683,0
2684,0
2685,0
2686,0
2687,0
2688,0
2689,0
2690,0
2691,0
2692,1
2693,0
2694,0
2695,0
2696,2
2697,0
2698,0
2699,0
2700,0
2701,0
2702,2
2703,0
2704,0
2705,0
2706,0
2707,0
2708,2
2709,0
2710,0
2711,0
2712,0
2713,2
2714,0
2715,0
2716,0
2717,0
2718,0
2719,0
2720,0
2721,0
2722,0
2723,0
2724,0
2725,2
2726,0
2727,0
2728,2
2729,0
2730,0
2731,2
2732,2
2733,0
2734,0
2735,0
2736,0
2737,0
2738,0
2739,0
2740,0
2741,0
2742,0
2743,0
2744,0
2745,0
2746,0
2747,0
2748,0
2749,0
2750,0
2751,0
2752,0
2753,0
2754,0
2755,0
2756,0
2757,0
2758,0
2759,0
2760,0
2761,0
2762,0
2763,0
2764,2
2765,2
2766,0
2767,0
2768,0
2769,0
2770,0
2771,0
2772,0
2773,2
2774,2
2775,0
2776,0
2777,0
2778,0
2779,0
2780,0
2781,0
2782,0
2783,0
2784,0
2785,0
2786,0
2787,0
2788,0
2789,0
2790,0
2791,0
2792,0
2793,0
2794,0
2795,0
2796,0
2797,0
2798,0
2799,0
2800,0
2801,0
2802,0
2803,0
2804,0
2805,0
2806,0
2807,0
2808,0
2809,0
2810,0
2811,0
2812,0
2813,0
2814,0
2815,0
2816,0
2817,0
2818,0
2819,0
2820,0
2821,0
2822,0
2823,0
2824,0
2825,0
2826,0
2827,0
2828,0
2829,0
2830,0
2831,0
2832,0
2833,2
2834,0
2835,0
2836,0
2837,0
2838,0
2839,0
2840,0
2841,0
2842,0
2843,0
2844,0
2845,2
2846,0
2847,0
2848,0
2849,0
2850,0
2851,0
2852,0
2853,0
2854,0
2855,0
2856,0
2857,0
2858,0
2859,0
2860,0
2861,0
2862,2
2863,0
2864,0
2865,2
2866,0
2867,0
2868,0
2869,0
2870,0
2871,0
2872,0
2873,0
2874,0
2875,0
2876,0
2877,0
2878,0
2879,0
2880,0
2881,0
2882,0
2883,0
2884,0
2885,0
2886,0
2887,0
2888,0
2889,0
2890,0
2891,0
2892,0
2893,0
2894,0
2895,0
2896,0
2897,0
2898,0
2899,0
2900,0
2901,2
2902,2
2903,0
2904,0
2905,0
2906,0
2907,0
2908,0
2909,2
2910,2
2911,2
2912,0
2913,0
2914,0
2915,0
2916,0
2917,0
2918,0
2919,0
2920,0
2921,2
2922,0
2923,0
2924,0
2925,0
2926,0
2927,0
2928,0
2929,0
2930,2
2931,2
2932,0
2933,0
2934,0
2935,0
2936,0
2937,0
2938,0
2939,0
2940,0
2941,0
2942,0
2943,0
2944,0
2945,0
2946,0
2947,0
2948,0
2949,0
2950,0
2951,0
2952,0
2953,0
2954,0
2955,0
2956,0
2957,0
2958,0
2959,0
2960,0
2961,0
2962,0
2963,0
2964,0
2965,0
2966,0
2967,0
2968,0
2969,0
2970,2
2971,2
2972,0
2973,0
2974,0
2975,0
2976,2
2977,0
2978,0
2979,0
2980,0
2981,0
2982,2
2983,0
2984,0
2985,0
2986,0
2987,1
2988,0
2989,0
2990,0
2991,0
2992,0
2993,0
2994,0
2995,0
2996,0
2997,0
2998,0
2999,2
3000,0
3001,0
3002,2
3003,0
3004,0
3005,0
3006,0
3007,2
3008,0
3009,0
3010,0
3011,0
3012,0
3013,0
3014,0
3015,0
3016,0
3017,0
3018,0
3019,0
3020,0
3021,0
3022,0
3023,0
3024,0
3025,0
3026,0
3027,0
3028,0
3029,0
3030,0
3031,0
3032,0
3033,0
3034,0
3035,0
3036,0
3037,0
3038,2
3039,2
3040,0
3041,0
3042,0
3043,0
3044,0
3045,0
3046,2
3047,2
3048,2
3049,0
3050,0
3051,0
3052,0
3053,0
3054,0
3055,0
3056,0
3057,0
3058,0
3059,0
3060,0
3061,0
3062,0
3063,0
3064,0
3065,0
3066,0
3067,0
3068,0
3069,0
3070,0
3071,0
3072,0
3073,0
3074,0
3075,0
3076,0
3077,0
3078,0
3079,0
3080,0
3081,1
3082,0
3083,0
3084,0
3085,0
3086,0
3087,0
3088,0
3089,0
3090,0
3091,0
3092,0
3093,0
3094,0
3095,0
3096,0
3097,0
3098,0
3099,0
3100,0
3101,0
3102,0
3103,0
3104,0
3105,0
3106,0
3107,2
3108,0
3109,0
3110,0
3111,0
3112,0
3113,0
3114,0
3115,0
3116,0
3117,0
3118,0
3119,2
3120,0
3121,0
3122,0
3123,0
3124,0
3125,0
3126,0
3127,0
3128,0
3129,0
3130,0
3131,0
3132,0
3133,0
3134,0
3135,0
3136,2
3137,0
3138,0
3139,2
3140,0
3141,0
3142,2
3143,0
3144,2
3145,0
3146,0
3147,0
3148,0
3149,0
3150,0
3151,0
3152,0
3153,0
3154,0
3155,0
3156,0
3157,0
3158,0
3159,0
3160,0
3161,0
3162,0
3163,0
3164,0
3165,0
3166,0
3167,0
3168,0
3169,0
3170,0
3171,0
3172,0
3173,0
3174,0
3175,2
3176,2
3177,0
3178,0
3179,0
3180,1
3181,0
3182,0
3183,2
3184,2
3185,2
3186,0
3187,0
3188,0
3189,0
3190,0
3191,0
3192,0
3193,0
3194,0
3195,0
3196,1
3197,0
3198,0
3199,0
3200,0
3201,0
3202,0
3203,0
3204,0
3205,0
3206,0
3207,0
3208,0
3209,0
3210,0
3211,0
3212,0
3213,0
3214,0
3215,0
3216,0
3217,0
3218,0
3219,0
3220,0
3221,0
3222,0
3223,0
3224,0
3225,0
3226,0
3227,0
3228,0
3229,0
3230,0
3231,0
3232,0
3233,0
3234,0
3235,0
3236,0
3237,0
3238,0
3239,0
3240,0
3241,0
3242,0
3243,0
3244,2
3245,0
3246,0
3247,0
3248,0
3249,1
3250,0
3251,0
3252,0
3253,0
3254,1
3255,0
3256,2
3257,0
3258,0
3259,0
3260,0
3261,1
3262,0
3263,0
3264,0
3265,0
3266,0
3267,0
3268,0
3269,0
3270,0
3271,0
3272,0
3273,2
3274,0
3275,0
3276,1
3277,0
3278,0
3279,0
3280,0
3281,0
3282,0
3283,1
3284,0
3285,0
3286,0
3287,0
3288,0
3289,0
3290,0
3291,0
3292,0
3293,0
3294,0
3295,0
3296,0
3297,0
3298,0
3299,0
3300,0
3301,0
3302,0
3303,0
3304,0
3305,0
3306,0
3307,0
3308,0
3309,0
3310,0
3311,0
3312,2
3313,2
3314,0
3315,0
3316,0
3317,1
3318,0
3319,0
3320,2
3321,2
3322,2
3323,2
3324,0
3325,0
3326,0
3327,0
3328,0
3329,0
3330,0
3331,0
3332,1
3333,1
3334,1
3335,0
3336,1
3337,0
3338,0
3339,0
3340,0
3341,0
3342,2
3343,0
3344,1
3345,0
3346,0
3347,0
3348,0
3349,0
3350,0
3351,0
3352,1
3353,0
3354,1
3355,1
3356,0
3357,0
3358,0
3359,0
3360,0
3361,0
3362,0
3363,0
3364,2
3365,1
3366,0
3367,1
3368,0
3369,0
3370,0
3371,0
3372,0
3373,0
3374,1
3375,0
3376,0
3377,1
3378,0
3379,0
3380,0
3381,2
3382,1
3383,0
3384,0
3385,0
3386,1
3387,2
3388,0
3389,0
3390,1
3391,1
3392,1
3393,2
3394,0
3395,0
3396,0
3397,0
3398,1
3399,0
3400,0
3401,1
3402,0
3403,0
3404,0
3405,0
3406,0
3407,0
3408,0
3409,0
3410,2
3411,0
3412,0
3413,2
3414,0
3415,0
3416,2
3417,2
3418,2
3419,0
3420,1
3421,0
3422,0
3423,0
3424,0
3425,0
3426,0
3427,0
3428,0
3429,0
3430,0
3431,0
3432,0
3433,0
3434,0
3435,0
3436,0
3437,0
3438,0
3439,0
3440,0
3441,0
3442,0
3443,0
3444,0
3445,0
3446,0
3447,0
3448,0
3449,2
3450,2
3451,0
3452,0
3453,0
3454,0
3455,0
3456,0
3457,0
3458,2
3459,2
3460,0
3461,0
3462,0
3463,0
3464,0
3465,0
3466,0
3467,0
3468,0
3469,0
3470,0
3471,1
3472,0
3473,0
3474,0
3475,0
3476,0
3477,0
3478,0
3479,0
3480,0
3481,0
3482,0
3483,0
3484,0
3485,0
3486,0
3487,0
3488,0
3489,0
3490,0
3491,0
3492,1
3493,0
3494,0
3495,0
3496,0
3497,0
3498,0
3499,0
3500,0
3501,0
3502,0
3503,0
3504,0
3505,0
3506,0
3507,0
3508,0
3509,0
3510,0
3511,0
3512,0
3513,0
3514,0
3515,0
3516,0
3517,0
3518,2
3519,0
3520,0
3521,0
3522,0
3523,0
3524,0
3525,0
3526,0
3527,0
3528,0
3529,0
3530,2
3531,0
3532,0
3533,0
3534,0
3535,0
3536,0
3537,0
3538,0
3539,0
3540,0
3541,0
3542,0
3543,0
3544,0
3545,0
3546,0
3547,2
3548,0
3549,0
3550,2
3551,0
3552,0
3553,0
3554,0
3555,0
3556,0
3557,0
3558,0
3559,0
3560,0
3561,0
3562,0
3563,0
3564,0
3565,0
3566,0
3567,0
3568,0
3569,0
3570,0
3571,0
3572,0
3573,0
3574,0
3575,0
3576,0
3577,0
3578,0
3579,0
3580,0
3581,0
3582,0
3583,0
3584,0
3585,0
3586,2
3587,2
3588,0
3589,0
3590,0
3591,0
3592,0
3593,0
3594,2
3595,2
3596,2
3597,0
3598,0
3599,0
3600,0
3601,0
3602,0
3603,0
3604,0
3605,0
3606,0
3607,2
3608,0
3609,0
3610,0
3611,0
3612,0
3613,0
3614,0
3615,0
3616,0
3617,0
3618,0
3619,0
3620,0
3621,0
3622,0
3623,0
3624,0
3625,0
3626,0
3627,0
3628,0
3629,1
3630,0
3631,0
3632,0
3633,0
3634,0
3635,0
3636,0
3637,0
3638,0
3639,0
3640,0
3641,0
3642,0
3643,0
3644,0
3645,0
3646,0
3647,0
3648,0
3649,0
3650,0
3651,2
3652,0
3653,0
3654,0
3655,0
3656,2
3657,0
3658,0
3659,0
3660,0
3661,0
3662,0
3663,0
3664,0
3665,0
3666,0
3667,2
3668,0
3669,0
3670,0
3671,0
3672,2
3673,0
3674,0
3675,0
3676,0
3677,0
3678,0
3679,0
3680,0
3681,0
3682,0
3683,0
3684,2
3685,0
3686,0
3687,2
3688,0
3689,0
3690,0
3691,0
3692,0
3693,0
3694,0
3695,0
3696,0
3697,0
3698,0
3699,0
3700,0
3701,0
3702,0
3703,0
3704,0
3705,0
3706,0
3707,0
3708,0
3709,0
3710,0
3711,0
3712,0
3713,0
3714,0
3715,0
3716,0
3717,0
3718,0
3719,0
3720,0
3721,0
3722,0
3723,2
3724,2
3725,0
3726,0
3727,0
3728,0
3729,0
3730,0
3731,0
3732,2
3733,2
3734,0
3735,0
3736,0
3737,0
3738,0
3739,0
3740,0
3741,0
3742,0
3743,0
3744,0
3745,0
3746,0
3747,0
3748,0
3749,0
3750,0
3751,0
3752,0
3753,0
3754,0
3755,0
3756,0
3757,0
3758,0
3759,0
3760,0
3761,0
3762,0
3763,0
3764,0
3765,0
3766,1
3767,0
3768,0
3769,0
3770,0
3771,0
3772,0
3773,0
3774,0
3775,0
3776,0
3777,0
3778,0
3779,0
3780,0
3781,0
3782,0
3783,0
3784,0
3785,0
3786,0
3787,0
3788,0
3789,0
3790,0
3791,0
3792,2
3793,0
3794,0
3795,0
3796,0
3797,0
3798,0
3799,0
3800,0
3801,0
3802,0
3803,0
3804,0
3805,0
3806,0
3807,0
3808,0
3809,0
3810,0
3811,0
3812,0
3813,0
3814,0
3815,0
3816,0
3817,0
3818,0
3819,0
3820,0
3821,0
3822,0
3823,0
3824,2
3825,0
3826,0
3827,0
3828,0
3829,2
3830,0
3831,0
3832,0
3833,0
3834,0
3835,0
3836,0
3837,0
3838,0
3839,0
3840,0
3841,0
3842,0
3843,0
3844,0
3845,0
3846,0
3847,0
3848,0
3849,0
3850,0
3851,0
3852,0
3853,0
3854,0
3855,0
3856,0
3857,0
3858,0
3859,0
3860,2
3861,2
3862,0
3863,0
3864,0
3865,0
3866,0
3867,0
3868,0
3869,2
3870,2
3871,0
3872,0
3873,0
3874,0
3875,0
3876,0
3877,0
3878,0
3879,0
3880,0
3881,0
3882,0
3883,0
3884,0
3885,0
3886,0
3887,0
3888,0
3889,0
3890,0
3891,0
3892,0
3893,0
3894,0
3895,0
3896,0
3897,0
3898,0
3899,0
3900,0
3901,0
3902,0
3903,0
3904,0
3905,0
3906,0
3907,0
3908,0
3909,0
3910,0
3911,0
3912,0
3913,0
3914,0
3915,0
3916,0
3917,0
3918,0
3919,0
3920,0
3921,0
3922,0
3923,0
3924,0
3925,0
3926,0
3927,0
3928,0
3929,2
3930,0
3931,0
3932,0
3933,0
3934,0
3935,0
3936,0
3937,0
3938,0
3939,0
3940,0
3941,0
3942,0
3943,0
3944,0
3945,0
3946,0
3947,0
3948,0
3949,0
3950,0
3951,0
3952,0
3953,0
3954,0
3955,0
3956,0
3957,0
3958,0
3959,0
3960,0
3961,0
3962,0
3963,0
3964,0
3965,0
3966,0
3967,0
3968,0
3969,0
3970,0
3971,0
3972,0
3973,0
3974,0
3975,0
3976,0
3977,0
3978,0
3979,0
3980,0
3981,0
3982,0
3983,0
3984,0
3985,0
3986,0
3987,0
3988,0
3989,0
3990,0
3991,0
3992,0
3993,0
3994,0
3995,0
3996,0
3997,2
3998,2
3999,0
4000,0
4001,0
4002,0
4003,0
4004,0
4005,2
4006,2
4007,2
4008,0
4009,0
4010,0
4011,0
4012,0
4013,0
4014,0
4015,0
4016,0
4017,0
4018,0
4019,0
4020,0
4021,0
4022,0
4023,0
4024,0
4025,0
4026,0
4027,0
4028,0
4029,0
4030,0
4031,0
4032,0
4033,0
4034,0
4035,0
4036,0
4037,0
4038,0
4039,0
4040,1
4041,0
4042,0
4043,0
4044,0
4045,0
4046,0
4047,0
4048,0
4049,0
4050,0
4051,0
4052,0
4053,0
4054,0
4055,0
4056,0
4057,0
4058,0
4059,0
4060,0
4061,0
4062,0
4063,0
4064,0
4065,0
4066,2
4067,2
4068,0
4069,0
4070,0
4071,0
4072,2
4073,0
4074,0
4075,0
4076,0
4077,0
4078,2
4079,0
4080,0
4081,0
4082,0
4083,0
4084,0
4085,0
4086,0
4087,0
4088,0
4089,0
4090,0
4091,0
4092,0
4093,0
4094,0
4095,2
4096,0
4097,0
4098,2
4099,0
4100,0
4101,0
4102,0
4103,2
4104,0
4105,0
4106,0
4107,0
4108,0
4109,0
4110,0
4111,0
4112,0
4113,0
4114,0
4115,0
4116,0
4117,0
4118,0
4119,0
4120,0
4121,0
4122,0
4123,0
4124,0
4125,0
4126,0
4127,0
4128,0
4129,0
4130,0
4131,0
4132,0
4133,0
4134,2
4135,2
4136,0
4137,0
4138,0
4139,0
4140,0
4141,0
4142,0
4143,2
4144,2
4145,0
4146,0
4147,0
4148,0
4149,0
4150,0
4151,0
4152,0
4153,0
4154,0
4155,0
4156,0
4157,0
4158,0
4159,0
4160,0
4161,0
4162,0
4163,0
4164,0
4165,0
4166,0
4167,0
4168,0
4169,0
4170,0
4171,0
4172,0
4173,0
4174,0
4175,0
4176,0
4177,0
4178,0
4179,0
4180,0
4181,0
4182,0
4183,0
4184,0
4185,0
4186,0
4187,0
4188,0
4189,0
4190,0
4191,0
4192,0
4193,0
4194,0
4195,0
4196,0
4197,0
4198,0
4199,0
4200,0
4201,0
4202,0
4203,2
4204,0
4205,0
4206,0
4207,0
4208,0
4209,0
4210,0
4211,0
4212,0
4213,0
4214,0
4215,0
4216,0
4217,0
4218,0
4219,0
4220,0
4221,0
4222,0
4223,0
4224,0
4225,0
4226,0
4227,0
4228,0
4229,0
4230,0
4231,0
4232,0
4233,0
4234,0
4235,2
4236,0
4237,0
4238,0
4239,0
4240,2
4241,0
4242,0
4243,0
4244,0
4245,0
4246,0
4247,0
4248,0
4249,0
4250,0
4251,0
4252,0
4253,0
4254,0
4255,0
4256,0
4257,0
4258,0
4259,0
4260,0
4261,0
4262,0
4263,0
4264,0
4265,0
4266,0
4267,0
4268,0
4269,0
4270,0
4271,2
4272,2
4273,0
4274,0
4275,0
4276,0
4277,0
4278,0
4279,0
4280,2
4281,2
4282,0
4283,0
4284,0
4285,0
4286,0
4287,0
4288,0
4289,0
4290,0
4291,0
4292,0
4293,0
4294,0
4295,0
4296,0
4297,0
4298,0
4299,0
4300,0
4301,0
4302,0
4303,0
4304,0
4305,0
4306,0
4307,0
4308,0
4309,0
4310,0
4311,0
4312,0
4313,0
4314,0
4315,0
4316,0
4317,0
4318,0
4319,0
4320,0
4321,0
4322,0
4323,0
4324,0
4325,0
4326,0
4327,0
4328,0
4329,0
4330,0
4331,0
4332,0
4333,0
4334,0
4335,0
4336,0
4337,0
4338,0
4339,0
4340,2
4341,0
4342,0
4343,0
4344,0
4345,0
4346,2
4347,0
4348,0
4349,0
4350,0
4351,0
4352,2
4353,0
4354,0
4355,0
4356,0
4357,0
4358,0
4359,0
4360,0
4361,0
4362,0
4363,0
4364,0
4365,0
4366,0
4367,0
4368,0
4369,2
4370,0
4371,0
4372,2
4373,0
4374,0
4375,0
4376,0
4377,0
4378,0
4379,0
4380,0
4381,0
4382,0
4383,0
4384,0
4385,0
4386,0
4387,0
4388,0
4389,0
4390,0
4391,0
4392,0
4393,0
4394,0
4395,0
4396,0
4397,0
4398,0
4399,0
4400,0
4401,0
4402,0
4403,0
4404,0
4405,0
4406,0
4407,0
4408,2
4409,2
4410,0
4411,0
4412,0
4413,0
4414,0
4415,0
4416,0
4417,2
4418,2
4419,0
4420,0
4421,0
4422,0
4423,0
4424,0
4425,0
4426,0
4427,0
4428,0
4429,0
4430,0
4431,0
4432,0
4433,0
4434,0
4435,0
4436,0
4437,0
4438,0
4439,0
4440,0
4441,0
4442,0
4443,0
4444,0
4445,0
4446,0
4447,0
4448,0
4449,0
4450,0
4451,1
4452,0
4453,0
4454,0
4455,0
4456,0
4457,0
4458,0
4459,0
4460,0
4461,0
4462,0
4463,0
4464,0
4465,0
4466,0
4467,0
4468,0
4469,0
4470,0
4471,0
4472,0
4473,0
4474,0
4475,0
4476,0
4477,2
4478,0
4479,0
4480,0
4481,0
4482,0
4483,2
4484,0
4485,0
4486,0
4487,0
4488,0
4489,0
4490,0
4491,0
4492,0
4493,0
4494,0
4495,0
4496,0
4497,0
4498,0
4499,0
4500,0
4501,0
4502,0
4503,0
4504,0
4505,0
4506,0
4507,0
4508,0
4509,2
4510,0
4511,0
4512,0
4513,0
4514,0
4515,0
4516,0
4517,0
4518,0
4519,0
4520,0
4521,0
4522,0
4523,0
4524,0
4525,0
4526,0
4527,0
4528,0
4529,0
4530,0
4531,0
4532,0
4533,0
4534,0
4535,0
4536,0
4537,0
4538,0
4539,0
4540,0
4541,0
4542,0
4543,0
4544,0
4545,2
4546,2
4547,0
4548,0
4549,0
4550,1
4551,0
4552,0
4553,2
4554,2
4555,2
4556,0
4557,0
4558,0
4559,0
4560,0
4561,0
4562,0
4563,0
4564,0
4565,0
4566,1
4567,1
4568,0
4569,0
4570,0
4571,0
4572,0
4573,0
4574,2
4575,0
4576,0
4577,0
4578,0
4579,0
4580,0
4581,0
4582,0
4583,0
4584,0
4585,0
4586,0
4587,1
4588,2
4589,0
4590,0
4591,0
4592,0
4593,0
4594,0
4595,0
4596,0
4597,0
4598,0
4599,0
4600,0
4601,0
4602,0
4603,0
4604,0
4605,0
4606,0
4607,2
4608,0
4609,0
4610,1
4611,0
4612,0
4613,0
4614,2
4615,2
4616,0
4617,0
4618,0
4619,0
4620,2
4621,0
4622,0
4623,1
4624,0
4625,2
4626,2
4627,0
4628,0
4629,0
4630,0
4631,2
4632,0
4633,0
4634,0
4635,0
4636,0
4637,0
4638,0
4639,0
4640,0
4641,0
4642,0
4643,2
4644,0
4645,0
4646,2
4647,0
4648,0
4649,2
4650,2
4651,2
4652,0
4653,1
4654,0
4655,0
4656,0
4657,0
4658,0
4659,0
4660,0
4661,0
4662,0
4663,0
4664,0
4665,0
4666,0
4667,0
4668,0
4669,0
4670,0
4671,0
4672,0
4673,0
4674,0
4675,0
4676,0
4677,0
4678,0
4679,0
4680,0
4681,0
4682,2
4683,2
4684,0
4685,0
4686,0
4687,0
4688,0
4689,0
4690,0
4691,2
4692,2
4693,0
4694,0
4695,0
4696,0
4697,0
4698,0
4699,0
4700,0
4701,0
4702,0
4703,1
4704,0
4705,0
4706,0
4707,0
4708,0
4709,0
4710,0
4711,0
4712,0
4713,0
4714,0
4715,0
4716,0
4717,0
4718,0
4719,0
4720,0
4721,0
4722,0
4723,0
4724,0
4725,0
4726,0
4727,0
4728,0
4729,0
4730,0
4731,0
4732,0
4733,0
4734,0
4735,0
4736,0
4737,0
4738,0
4739,0
4740,0
4741,0
4742,0
4743,0
4744,0
4745,0
4746,0
4747,0
4748,0
4749,0
4750,0
4751,2
4752,0
4753,0
4754,0
4755,0
4756,1
4757,0
4758,0
4759,0
4760,0
4761,0
4762,0
4763,2
4764,0
4765,0
4766,0
4767,0
4768,0
4769,0
4770,0
4771,0
4772,0
4773,0
4774,0
4775,0
4776,0
4777,0
4778,0
4779,0
4780,2
4781,0
4782,0
4783,1
4784,0
4785,0
4786,0
4787,0
4788,0
4789,0
4790,0
4791,0
4792,0
4793,0
4794,0
4795,0
4796,0
4797,0
4798,0
4799,0
4800,0
4801,0
4802,0
4803,0
4804,0
4805,0
4806,0
4807,0
4808,0
4809,0
4810,0
4811,0
4812,0
4813,0
4814,0
4815,0
4816,0
4817,0
4818,0
4819,2
4820,2
4821,0
4822,0
4823,0
4824,0
4825,0
4826,0
4827,0
4828,2
4829,2
4830,0
4831,0
4832,0
4833,0
4834,0
4835,0
4836,0
4837,0
4838,0
4839,0
4840,0
4841,0
4842,0
4843,0
4844,0
4845,0
4846,0
4847,0
4848,0
4849,0
4850,0
4851,0
4852,0
4853,0
4854,0
4855,0
4856,0
4857,0
4858,0
4859,0
4860,0
4861,0
4862,0
4863,0
4864,0
4865,0
4866,0
4867,0
4868,0
4869,0
4870,0
4871,0
4872,0
4873,0
4874,0
4875,0
4876,0
4877,0
4878,0
4879,0
4880,0
4881,0
4882,0
4883,0
4884,0
4885,0
4886,0
4887,0
4888,2
4889,0
4890,0
4891,0
4892,0
4893,0
4894,0
4895,0
4896,0
4897,0
4898,0
4899,0
4900,0
4901,0
4902,0
4903,0
4904,0
4905,0
4906,0
4907,0
4908,0
4909,0
4910,0
4911,0
4912,0
4913,0
4914,0
4915,0
4916,0
4917,0
4918,0
4919,0
4920,2
4921,0
4922,0
4923,0
4924,0
4925,0
4926,0
4927,0
4928,0
4929,0
4930,0
4931,0
4932,0
4933,0
4934,0
4935,0
4936,0
4937,0
4938,0
4939,0
4940,0
4941,0
4942,0
4943,0
4944,0
4945,0
4946,0
4947,0
4948,0
4949,0
4950,0
4951,0
4952,0
4953,0
4954,0
4955,0
4956,2
4957,2
4958,0
4959,2
4960,0
4961,2
4962,0
4963,0
4964,2
4965,2
4966,2
4967,0
4968,0
4969,0
4970,0
4971,0
4972,0
4973,0
4974,0
4975,0
4976,2
4977,2
4978,2
4979,0
4980,0
4981,0
4982,0
4983,0
4984,0
4985,0
4986,0
4987,0
4988,1
4989,0
4990,1
4991,0
4992,0
4993,0
4994,0
4995,0
4996,2
4997,0
4998,2
4999,1
5000,0
5001,0
5002,0
5003,0
5004,0
5005,0
5006,0
5007,0
5008,2
5009,0
5010,0
5011,2
5012,0
5013,0
5014,0
5015,0
5016,0
5017,0
5018,2
5019,0
5020,0
5021,2
5022,0
5023,0
5024,0
5025,2
5026,2
5027,0
5028,0
5029,0
5030,2
5031,2
5032,0
5033,0
5034,2
5035,1
5036,2
5037,2
5038,0
5039,0
5040,0
5041,0
5042,1
5043,0
5044,0
5045,0
5046,0
5047,2
5048,0
5049,0
5050,0
5051,0
5052,0
5053,0
5054,2
5055,0
5056,0
5057,2
5058,0
5059,0
5060,2
5061,2
5062,2
5063,0
5064,1
5065,0
5066,0
5067,0
5068,0
5069,0
5070,0
5071,0
5072,0
5073,0
5074,0
5075,0
5076,0
5077,0
5078,0
5079,0
5080,0
5081,0
5082,0
5083,0
5084,0
5085,0
5086,0
5087,0
5088,0
5089,0
5090,0
5091,0
5092,0
5093,2
5094,2
5095,0
5096,0
5097,0
5098,0
5099,0
5100,0
5101,0
5102,2
5103,2
5104,0
5105,0
5106,0
5107,0
5108,0
5109,0
5110,0
5111,0
5112,0
5113,0
5114,0
5115,0
5116,0
5117,0
5118,0
5119,0
5120,0
5121,0
5122,0
5123,0
5124,0
5125,0
5126,0
5127,0
5128,0
5129,0
5130,0
5131,0
5132,0
5133,0
5134,0
5135,0
5136,0
5137,0
5138,0
5139,0
5140,0
5141,0
5142,0
5143,0
5144,0
5145,0
5146,0
5147,0
5148,0
5149,0
5150,0
5151,0
5152,0
5153,0
5154,0
5155,0
5156,0
5157,0
5158,0
5159,0
5160,0
5161,0
5162,2
5163,0
5164,0
5165,0
5166,0
5167,0
5168,0
5169,0
5170,0
5171,0
5172,0
5173,0
5174,0
5175,0
5176,0
5177,0
5178,0
5179,0
5180,0
5181,0
5182,0
5183,0
5184,0
5185,0
5186,0
5187,0
5188,0
5189,0
5190,0
5191,0
5192,0
5193,0
5194,0
5195,0
5196,0
5197,0
5198,0
5199,0
5200,0
5201,0
5202,0
5203,0
5204,0
5205,0
5206,0
5207,0
5208,0
5209,0
5210,0
5211,0
5212,0
5213,0
5214,0
5215,0
5216,0
5217,0
5218,0
5219,0
5220,0
5221,0
5222,0
5223,0
5224,0
5225,0
5226,0
5227,0
5228,0
5229,0
5230,2
5231,2
5232,0
5233,0
5234,0
5235,2
5236,0
5237,0
5238,2
5239,2
5240,2
5241,0
5242,0
5243,0
5244,0
5245,0
5246,0
5247,0
5248,0
5249,0
5250,2
5251,2
5252,2
5253,0
5254,0
5255,0
5256,0
5257,0
5258,0
5259,0
5260,0
5261,0
5262,1
5263,0
5264,0
5265,0
5266,0
5267,0
5268,0
5269,0
5270,2
5271,0
5272,2
5273,1
5274,0
5275,0
5276,0
5277,0
5278,0
5279,0
5280,0
5281,0
5282,2
5283,0
5284,0
5285,2
5286,0
5287,0
5288,0
5289,0
5290,0
5291,0
5292,2
5293,0
5294,0
5295,2
5296,0
5297,0
5298,0
5299,2
5300,2
5301,0
5302,0
5303,0
5304,1
5305,2
5306,0
5307,0
5308,2
5309,1
5310,2
5311,2
5312,0
5313,0
5314,0
5315,0
5316,1
5317,0
5318,0
5319,0
5320,0
5321,2
5322,0
5323,0
5324,0
5325,0
5326,0
5327,0
5328,2
5329,0
5330,0
5331,2
5332,0
5333,0
5334,2
5335,2
5336,2
5337,0
5338,1
5339,0
5340,0
5341,0
5342,0
5343,0
5344,0
5345,0
5346,0
5347,0
5348,0
5349,0
5350,0
5351,0
5352,0
5353,0
5354,0
5355,0
5356,0
5357,0
5358,0
5359,0
5360,0
5361,0
5362,0
5363,0
5364,0
5365,0
5366,0
5367,2
5368,2
5369,0
5370,0
5371,0
5372,1
5373,0
5374,0
5375,2
5376,2
5377,2
5378,0
5379,0
5380,0
5381,0
5382,0
5383,0
5384,0
5385,0
5386,0
5387,0
5388,2
5389,1
5390,0
5391,0
5392,0
5393,0
5394,0
5395,0
5396,0
5397,0
5398,0
5399,1
5400,0
5401,1
5402,0
5403,0
5404,0
5405,0
5406,0
5407,0
5408,0
5409,0
5410,1
5411,0
5412,0
5413,0
5414,0
5415,0
5416,0
5417,0
5418,0
5419,2
5420,0
5421,0
5422,2
5423,0
5424,0
5425,0
5426,0
5427,0
5428,0
5429,2
5430,0
5431,0
5432,2
5433,0
5434,0
5435,0
5436,2
5437,2
5438,0
5439,1
5440,0
5441,0
5442,2
5443,0
5444,0
5445,2
5446,1
5447,1
5448,2
5449,0
5450,0
5451,0
5452,0
5453,1
5454,0
5455,0
5456,0
5457,0
5458,0
5459,0
5460,0
5461,0
5462,0
5463,0
5464,0
5465,2
5466,0
5467,0
5468,2
5469,0
5470,0
5471,2
5472,0
5473,2
5474,0
5475,1
5476,0
5477,0
5478,0
5479,0
5480,0
5481,0
5482,0
5483,0
5484,0
5485,0
5486,0
5487,0
5488,0
5489,0
5490,0
5491,0
5492,0
5493,0
5494,0
5495,0
5496,0
5497,0
5498,0
5499,0
5500,0
5501,0
5502,0
5503,0
5504,2
5505,2
5506,0
5507,2
5508,0
5509,1
5510,0
5511,0
5512,2
5513,2
5514,2
5515,0
5516,0
5517,0
5518,0
5519,0
5520,0
5521,0
5522,0
5523,0
5524,0
5525,1
5526,1
5527,0
5528,0
5529,0
5530,0
5531,0
5532,0
5533,2
5534,2
5535,0
5536,1
5537,0
5538,0
5539,0
5540,0
5541,0
5542,0
5543,0
5544,0
5545,0
5546,1
5547,1
5548,0
5549,0
5550,0
5551,0
5552,0
5553,0
5554,0
5555,0
5556,2
5557,0
5558,0
5559,0
5560,0
5561,0
5562,0
5563,0
5564,0
5565,0
5566,1
5567,0
5568,0
5569,0
5570,0
5571,0
5572,0
5573,2
5574,2
5575,0
5576,0
5577,0
5578,1
5579,2
5580,0
5581,0
5582,1
5583,0
5584,0
5585,2
5586,0
5587,0
5588,0
5589,0
5590,2
5591,0
5592,0
5593,0
5594,0
5595,0
5596,0
5597,0
5598,0
5599,0
5600,0
5601,0
5602,2
5603,0
5604,0
5605,2
5606,0
5607,0
5608,2
5609,1
5610,2
5611,0
5612,1
5613,0
5614,0
5615,0
5616,0
5617,0
5618,0
5619,0
5620,0
5621,0
5622,0
5623,0
5624,0
5625,0
5626,0
5627,0
5628,0
5629,0
5630,0
5631,0
5632,0
5633,0
5634,0
5635,0
5636,0
5637,0
5638,0
5639,0
5640,0
5641,2
5642,2
5643,0
5644,0
5645,0
5646,0
5647,0
5648,0
5649,0
5650,2
5651,2
5652,0
5653,0
5654,0
5655,0
5656,0
5657,0
5658,0
5659,0
5660,0
5661,0
5662,0
5663,0
5664,0
5665,0
5666,0
5667,0
5668,0
5669,0
5670,0
5671,0
5672,0
5673,0
5674,0
5675,0
5676,0
5677,0
5678,0
5679,0
5680,0
5681,0
5682,0
5683,0
5684,0
5685,0
5686,0
5687,0
5688,0
5689,0
5690,0
5691,0
5692,0
5693,0
5694,0
5695,0
5696,0
5697,0
5698,0
5699,0
5700,0
5701,0
5702,0
5703,0
5704,0
5705,0
5706,0
5707,0
5708,0
5709,0
5710,2
5711,0
5712,0
5713,0
5714,0
5715,0
5716,0
5717,0
5718,0
5719,0
5720,0
5721,0
5722,2
5723,0
5724,0
5725,0
5726,0
5727,0
5728,0
5729,0
5730,0
5731,0
5732,0
5733,0
5734,0
5735,0
5736,0
5737,0
5738,0
5739,2
5740,0
5741,0
5742,2
5743,0
5744,0
5745,0
5746,0
5747,0
5748,0
5749,0
5750,0
5751,0
5752,0
5753,0
5754,0
5755,0
5756,0
5757,0
5758,0
5759,0
5760,0
5761,0
5762,0
5763,0
5764,0
5765,0
5766,0
5767,0
5768,0
5769,0
5770,0
5771,0
5772,0
5773,0
5774,0
5775,0
5776,0
5777,0
5778,2
5779,2
5780,0
5781,0
5782,0
5783,0
5784,0
5785,0
5786,0
5787,2
5788,2
5789,0
5790,0
5791,0
5792,0
5793,0
5794,0
5795,0
5796,0
5797,0
5798,0
5799,0
5800,0
5801,0
5802,0
5803,0
5804,0
5805,0
5806,0
5807,0
5808,0
5809,0
5810,0
5811,0
5812,0
5813,0
5814,0
5815,0
5816,0
5817,0
5818,0
5819,0
5820,0
5821,0
5822,0
5823,0
5824,0
5825,0
5826,0
5827,0
5828,0
5829,0
5830,0
5831,0
5832,0
5833,0
5834,0
5835,0
5836,0
5837,0
5838,0
5839,0
5840,0
5841,0
5842,0
5843,0
5844,0
5845,0
5846,0
5847,2
5848,0
5849,0
5850,0
5851,0
5852,0
5853,0
5854,0
5855,0
5856,0
5857,0
5858,0
5859,2
5860,0
5861,0
5862,0
5863,0
5864,0
5865,0
5866,0
5867,0
5868,0
5869,0
5870,0
5871,0
5872,0
5873,0
5874,0
5875,0
5876,0
5877,0
5878,0
5879,0
5880,0
5881,0
5882,0
5883,0
5884,0
5885,0
5886,0
5887,0
5888,0
5889,0
5890,0
5891,0
5892,0
5893,0
5894,0
5895,0
5896,0
5897,0
5898,0
5899,0
5900,0
5901,0
5902,0
5903,0
5904,0
5905,0
5906,0
5907,0
5908,0
5909,0
5910,0
5911,0
5912,0
5913,0
5914,0
5915,2
5916,2
5917,0
5918,0
5919,0
5920,1
5921,0
5922,0
5923,2
5924,2
5925,2
5926,0
5927,0
5928,0
5929,0
5930,0
5931,0
5932,0
5933,0
5934,0
5935,0
5936,2
5937,1
5938,0
5939,0
5940,0
5941,0
5942,0
5943,0
5944,0
5945,0
5946,0
5947,1
5948,0
5949,0
5950,0
5951,0
5952,0
5953,0
5954,0
5955,0
5956,0
5957,0
5958,1
5959,0
5960,0
5961,0
5962,0
5963,0
5964,0
5965,0
5966,0
5967,0
5968,0
5969,0
5970,2
5971,0
5972,0
5973,0
5974,0
5975,0
5976,0
5977,0
5978,0
5979,0
5980,0
5981,0
5982,0
5983,0
5984,2
5985,0
5986,0
5987,0
5988,0
5989,0
5990,2
5991,0
5992,0
5993,0
5994,1
5995,0
5996,2
5997,0
5998,0
5999,0
6000,0
6001,1
6002,0
6003,0
6004,0
6005,0
6006,0
6007,0
6008,0
6009,0
6010,0
6011,0
6012,0
6013,2
6014,0
6015,0
6016,2
6017,0
6018,0
6019,2
6020,0
6021,2
6022,0
6023,1
6024,0
6025,0
6026,0
6027,0
6028,0
6029,0
6030,0
6031,0
6032,0
6033,0
6034,0
6035,0
6036,0
6037,0
6038,0
6039,0
6040,0
6041,0
6042,0
6043,0
6044,0
6045,0
6046,0
6047,0
6048,0
6049,0
6050,0
6051,0
6052,2
6053,2
6054,0
6055,0
6056,0
6057,0
6058,0
6059,0
6060,2
6061,2
6062,2
6063,0
6064,0
6065,0
6066,0
6067,0
6068,0
6069,0
6070,0
6071,0
6072,0
6073,0
6074,0
6075,0
6076,0
6077,0
6078,0
6079,0
6080,0
6081,0
6082,0
6083,0
6084,0
6085,0
6086,0
6087,0
6088,0
6089,0
6090,0
6091,0
6092,0
6093,0
6094,0
6095,1
6096,0
6097,0
6098,0
6099,0
6100,0
6101,0
6102,0
6103,0
6104,0
6105,0
6106,0
6107,0
6108,0
6109,0
6110,0
6111,0
6112,0
6113,0
6114,0
6115,0
6116,0
6117,0
6118,0
6119,0
6120,0
6121,2
6122,0
6123,0
6124,0
6125,0
6126,0
6127,0
6128,0
6129,0
6130,0
6131,0
6132,0
6133,2
6134,0
6135,0
6136,0
6137,0
6138,0
6139,0
6140,0
6141,0
6142,0
6143,0
6144,0
6145,0
6146,0
6147,0
6148,0
6149,0
6150,2
6151,0
6152,0
6153,2
6154,0
6155,0
6156,0
6157,0
6158,0
6159,0
6160,0
6161,0
6162,0
6163,0
6164,0
6165,0
6166,0
6167,0
6168,0
6169,0
6170,0
6171,0
6172,0
6173,0
6174,0
6175,0
6176,0
6177,0
6178,0
6179,0
6180,0
6181,0
6182,0
6183,0
6184,0
6185,0
6186,0
6187,0
6188,0
6189,2
6190,2
6191,0
6192,0
6193,2
6194,0
6195,0
6196,0
6197,2
6198,2
6199,2
6200,0
6201,0
6202,0
6203,0
6204,0
6205,0
6206,0
6207,0
6208,0
6209,0
6210,2
6211,2
6212,0
6213,2
6214,0
6215,0
6216,0
6217,0
6218,0
6219,2
6220,0
6221,0
6222,0
6223,0
6224,0
6225,0
6226,0
6227,0
6228,0
6229,2
6230,0
6231,2
6232,2
6233,0
6234,0
6235,0
6236,0
6237,0
6238,0
6239,0
6240,0
6241,0
6242,0
6243,0
6244,2
6245,0
6246,0
6247,0
6248,0
6249,0
6250,0
6251,2
6252,0
6253,0
6254,2
6255,0
6256,0
6257,0
6258,2
6259,2
6260,0
6261,0
6262,0
6263,0
6264,2
6265,0
6266,0
6267,2
6268,0
6269,2
6270,2
6271,0
6272,0
6273,0
6274,0
6275,2
6276,0
6277,0
6278,0
6279,0
6280,2
6281,0
6282,0
6283,0
6284,0
6285,0
6286,0
6287,2
6288,0
6289,0
6290,2
6291,0
6292,0
6293,2
6294,2
6295,2
6296,0
6297,2
6298,0
6299,0
6300,0
6301,0
6302,0
6303,0
6304,0
6305,0
6306,0
6307,0
6308,0
6309,0
6310,0
6311,0
6312,0
6313,0
6314,0
6315,0
6316,0
6317,0
6318,0
6319,0
6320,0
6321,0
6322,0
6323,0
6324,0
6325,0
6326,2
6327,2
6328,0
6329,0
6330,0
6331,0
6332,0
6333,0
6334,2
6335,2
6336,2
6337,0
6338,0
6339,0
6340,0
6341,0
6342,0
6343,0
6344,0
6345,0
6346,0
6347,1
6348,0
6349,0
6350,0
6351,0
6352,0
6353,0
6354,0
6355,0
6356,0
6357,0
6358,0
6359,0
6360,0
6361,0
6362,0
6363,0
6364,0
6365,0
6366,0
6367,0
6368,0
6369,1
6370,0
6371,0
6372,0
6373,0
6374,0
6375,0
6376,0
6377,0
6378,0
6379,0
6380,0
6381,0
6382,0
6383,0
6384,0
6385,0
6386,0
6387,0
6388,2
6389,0
6390,0
6391,1
6392,0
6393,0
6394,0
6395,2
6396,2
6397,0
6398,0
6399,0
6400,0
6401,0
6402,0
6403,0
6404,0
6405,0
6406,0
6407,2
6408,0
6409,0
6410,0
6411,0
6412,0
6413,0
6414,0
6415,0
6416,0
6417,0
6418,0
6419,0
6420,0
6421,0
6422,0
6423,0
6424,2
6425,0
6426,0
6427,2
6428,0
6429,0
6430,2
6431,0
6432,2
6433,0
6434,0
6435,0
6436,0
6437,0
6438,0
6439,0
6440,0
6441,0
6442,0
6443,0
6444,0
6445,0
6446,0
6447,0
6448,0
6449,0
6450,0
6451,0
6452,0
6453,0
6454,0
6455,0
6456,0
6457,0
6458,0
6459,0
6460,0
6461,0
6462,0
6463,2
6464,2
6465,0
6466,0
6467,0
6468,0
6469,0
6470,0
6471,0
6472,2
6473,2
6474,0
6475,0
6476,0
6477,0
6478,0
6479,0
6480,0
6481,0
6482,0
6483,0
6484,0
6485,0
6486,0
6487,0
6488,0
6489,0
6490,0
6491,0
6492,0
6493,0
6494,0
6495,0
6496,0
6497,0
6498,0
6499,0
6500,0
6501,0
6502,0
6503,0
6504,0
6505,0
6506,0
6507,0
6508,0
6509,0
6510,0
6511,0
6512,0
6513,0
6514,0
6515,0
6516,0
6517,0
6518,0
6519,0
6520,0
6521,0
6522,0
6523,0
6524,0
6525,0
6526,0
6527,0
6528,0
6529,0
6530,0
6531,0
6532,2
6533,0
6534,0
6535,0
6536,0
6537,0
6538,0
6539,0
6540,0
6541,0
6542,0
6543,0
6544,0
6545,0
6546,0
6547,0
6548,0
6549,0
6550,0
6551,0
6552,0
6553,0
6554,0
6555,0
6556,0
6557,0
6558,0
6559,0
6560,0
6561,0
6562,0
6563,0
6564,0
6565,0
6566,0
6567,0
6568,0
6569,0
6570,0
6571,0
6572,0
6573,0
6574,0
6575,0
6576,0
6577,0
6578,0
6579,0
6580,0
6581,0
6582,0
6583,0
6584,0
6585,0
6586,0
6587,0
6588,0
6589,0
6590,0
6591,0
6592,0
6593,0
6594,0
6595,0
6596,0
6597,0
6598,0
6599,0
6600,2
6601,2
6602,0
6603,0
6604,0
6605,0
6606,0
6607,0
6608,0
6609,2
6610,2
6611,0
6612,0
6613,0
6614,0
6615,0
6616,0
6617,0
6618,0
6619,0
6620,0
6621,0
6622,0
6623,0
6624,0
6625,0
6626,0
6627,0
6628,0
6629,0
6630,0
6631,0
6632,0
6633,0
6634,0
6635,0
6636,0
6637,0
6638,0
6639,0
6640,0
6641,0
6642,0
6643,1
6644,0
6645,0
6646,0
6647,0
6648,0
6649,0
6650,0
6651,0
6652,0
6653,0
6654,0
6655,0
6656,0
6657,0
6658,0
6659,0
6660,0
6661,0
6662,0
6663,0
6664,0
6665,0
6666,0
6667,0
6668,0
6669,2
6670,0
6671,0
6672,0
6673,0
6674,0
6675,0
6676,0
6677,0
6678,0
6679,0
6680,0
6681,0
6682,0
6683,0
6684,0
6685,0
6686,0
6687,0
6688,0
6689,0
6690,0
6691,0
6692,0
6693,0
6694,0
6695,0
6696,0
6697,0
6698,2
6699,0
6700,0
6701,2
6702,0
6703,0
6704,0
6705,0
6706,2
6707,0
6708,0
6709,0
6710,0
6711,0
6712,0
6713,0
6714,0
6715,0
6716,0
6717,0
6718,0
6719,0
6720,0
6721,0
6722,0
6723,0
6724,0
6725,0
6726,0
6727,0
6728,0
6729,0
6730,0
6731,0
6732,0
6733,0
6734,0
6735,0
6736,0
6737,2
6738,2
6739,0
6740,0
6741,0
6742,0
6743,0
6744,0
6745,0
6746,2
6747,2
6748,0
6749,0
6750,0
6751,0
6752,0
6753,0
6754,0
6755,0
6756,0
6757,0
6758,0
6759,0
6760,0
6761,0
6762,0
6763,0
6764,0
6765,0
6766,0
6767,0
6768,0
6769,0
6770,0
6771,0
6772,0
6773,0
6774,0
6775,0
6776,0
6777,0
6778,0
6779,0
6780,1
6781,0
6782,0
6783,0
6784,0
6785,0
6786,0
6787,0
6788,0
6789,0
6790,0
6791,0
6792,0
6793,0
6794,0
6795,0
6796,0
6797,0
6798,0
6799,0
6800,0
6801,0
6802,0
6803,0
6804,0
6805,0
6806,2
6807,0
6808,0
6809,0
6810,0
6811,0
6812,0
6813,0
6814,0
6815,0
6816,0
6817,0
6818,0
6819,0
6820,0
6821,0
6822,0
6823,0
6824,0
6825,0
6826,0
6827,0
6828,0
6829,0
6830,0
6831,0
6832,0
6833,0
6834,0
6835,0
6836,0
6837,0
6838,2
6839,0
6840,0
6841,0
6842,0
6843,2
6844,0
6845,0
6846,0
6847,0
6848,0
6849,0
6850,0
6851,0
6852,0
6853,0
6854,0
6855,0
6856,0
6857,0
6858,0
6859,0
6860,0
6861,0
6862,0
6863,0
6864,0
6865,0
6866,0
6867,0
6868,0
6869,0
6870,0
6871,0
6872,0
6873,0
6874,2
6875,2
6876,0
6877,0
6878,0
6879,1
6880,0
6881,0
6882,0
6883,2
6884,2
6885,0
6886,0
6887,0
6888,0
6889,0
6890,0
6891,0
6892,0
6893,0
6894,0
6895,2
6896,1
6897,0
6898,0
6899,0
6900,0
6901,0
6902,0
6903,0
6904,2
6905,0
6906,1
6907,0
6908,0
6909,0
6910,0
6911,0
6912,0
6913,0
6914,0
6915,0
6916,1
6917,1
6918,0
6919,0
6920,0
6921,0
6922,0
6923,0
6924,0
6925,0
6926,0
6927,0
6928,0
6929,0
6930,0
6931,0
6932,0
6933,0
6934,0
6935,0
6936,0
6937,0
6938,0
6939,0
6940,0
6941,0
6942,0
6943,2
6944,1
6945,0
6946,0
6947,0
6948,2
6949,2
6950,0
6951,0
6952,1
6953,0
6954,1
6955,2
6956,0
6957,0
6958,0
6959,0
6960,2
6961,0
6962,0
6963,0
6964,0
6965,0
6966,0
6967,0
6968,0
6969,0
6970,0
6971,0
6972,2
6973,0
6974,0
6975,2
6976,0
6977,0
6978,0
6979,0
6980,2
6981,0
6982,1
6983,0
6984,0
6985,0
6986,0
6987,0
6988,0
6989,0
6990,0
6991,0
6992,0
6993,0
6994,0
6995,0
6996,0
6997,0
6998,0
6999,0
7000,0
7001,0
7002,0
7003,0
7004,0
7005,0
7006,0
7007,0
7008,0
7009,0
7010,0
7011,2
7012,2
7013,0
7014,0
7015,0
7016,0
7017,0
7018,0
7019,0
7020,2
7021,2
7022,0
7023,0
7024,0
7025,0
7026,0
7027,0
7028,0
7029,0
7030,0
7031,0
7032,0
7033,0
7034,0
7035,0
7036,0
7037,0
7038,0
7039,0
7040,0
7041,0
7042,0
7043,0
7044,0
7045,0
7046,0
7047,0
7048,0
7049,0
7050,0
7051,0
7052,0
7053,0
7054,1
7055,0
7056,0
7057,0
7058,0
7059,0
7060,0
7061,0
7062,0
7063,0
7064,0
7065,0
7066,0
7067,0
7068,0
7069,0
7070,0
7071,0
7072,0
7073,0
7074,0
7075,0
7076,0
7077,0
7078,0
7079,0
7080,2
7081,0
7082,0
7083,0
7084,0
7085,0
7086,0
7087,0
7088,0
7089,0
7090,0
7091,0
7092,0
7093,0
7094,0
7095,0
7096,0
7097,0
7098,0
7099,0
7100,0
7101,0
7102,0
7103,0
7104,0
7105,0
7106,0
7107,0
7108,0
7109,2
7110,0
7111,0
7112,2
7113,0
7114,0
7115,0
7116,0
7117,2
7118,0
7119,0
7120,0
7121,0
7122,0
7123,0
7124,0
7125,0
7126,0
7127,0
7128,0
7129,0
7130,0
7131,0
7132,0
7133,0
7134,0
7135,0
7136,0
7137,0
7138,0
7139,0
7140,0
7141,0
7142,0
7143,0
7144,0
7145,0
7146,0
7147,0
7148,2
7149,2
7150,0
7151,0
7152,0
7153,0
7154,0
7155,0
7156,0
7157,2
7158,2
7159,0
7160,0
7161,0
7162,0
7163,0
7164,0
7165,0
7166,0
7167,0
7168,0
7169,0
7170,1
7171,0
7172,0
7173,0
7174,0
7175,0
7176,0
7177,0
7178,0
7179,0
7180,0
7181,0
7182,0
7183,0
7184,0
7185,0
7186,0
7187,0
7188,0
7189,0
7190,0
7191,1
7192,0
7193,0
7194,0
7195,0
7196,0
7197,0
7198,0
7199,0
7200,0
7201,0
7202,0
7203,0
7204,0
7205,0
7206,0
7207,0
7208,0
7209,0
7210,0
7211,0
7212,0
7213,2
7214,0
7215,0
7216,0
7217,2
7218,0
7219,0
7220,0
7221,0
7222,0
7223,0
7224,0
7225,0
7226,0
7227,0
7228,0
7229,0
7230,0
7231,0
7232,0
7233,0
7234,0
7235,0
7236,0
7237,0
7238,0
7239,0
7240,0
7241,0
7242,0
7243,0
7244,0
7245,0
7246,2
7247,0
7248,0
7249,0
7250,0
7251,0
7252,0
7253,0
7254,0
7255,0
7256,0
7257,0
7258,0
7259,0
7260,0
7261,0
7262,0
7263,0
7264,0
7265,0
7266,0
7267,0
7268,0
7269,0
7270,0
7271,0
7272,0
7273,0
7274,0
7275,0
7276,0
7277,0
7278,0
7279,0
7280,0
7281,0
7282,0
7283,0
7284,0
7285,2
7286,2
7287,0
7288,0
7289,0
7290,0
7291,0
7292,0
7293,2
7294,2
7295,2
7296,0
7297,0
7298,0
7299,0
7300,0
7301,0
7302,0
7303,0
7304,0
7305,0
7306,1
7307,0
7308,0
7309,0
7310,0
7311,0
7312,0
7313,0
7314,0
7315,0
7316,0
7317,0
7318,0
7319,0
7320,0
7321,0
7322,0
7323,0
7324,0
7325,0
7326,0
7327,0
7328,1
7329,0
7330,0
7331,0
7332,0
7333,0
7334,0
7335,0
7336,0
7337,0
7338,0
7339,0
7340,0
7341,0
7342,0
7343,0
7344,0
7345,0
7346,0
7347,2
7348,0
7349,0
7350,0
7351,0
7352,0
7353,0
7354,2
7355,0
7356,0
7357,0
7358,0
7359,1
7360,0
7361,0
7362,0
7363,0
7364,0
7365,0
7366,2
7367,0
7368,0
7369,0
7370,0
7371,0
7372,0
7373,0
7374,0
7375,0
7376,0
7377,0
7378,0
7379,0
7380,0
7381,0
7382,0
7383,2
7384,0
7385,0
7386,2
7387,0
7388,0
7389,2
7390,0
7391,0
7392,0
7393,0
7394,0
7395,0
7396,0
7397,0
7398,0
7399,0
7400,0
7401,0
7402,0
7403,0
7404,0
7405,0
7406,0
7407,0
7408,0
7409,0
7410,0
7411,0
7412,0
7413,0
7414,0
7415,0
7416,0
7417,0
7418,0
7419,0
7420,0
7421,0
7422,2
7423,2
7424,0
7425,0
7426,0
7427,0
7428,0
7429,0
7430,0
7431,2
7432,2
7433,0
7434,0
7435,0
7436,0
7437,0
7438,0
7439,0
7440,0
7441,0
7442,0
7443,0
7444,0
7445,0
7446,0
7447,0
7448,0
7449,0
7450,0
7451,0
7452,0
7453,0
7454,0
7455,0
7456,0
7457,0
7458,0
7459,0
7460,0
7461,0
7462,0
7463,0
7464,0
7465,0
7466,0
7467,0
7468,0
7469,0
7470,0
7471,0
7472,0
7473,0
7474,0
7475,0
7476,0
7477,0
7478,0
7479,0
7480,0
7481,0
7482,0
7483,0
7484,0
7485,0
7486,0
7487,0
7488,0
7489,0
7490,0
7491,2
7492,0
7493,0
7494,0
7495,0
7496,0
7497,0
7498,0
7499,0
7500,0
7501,0
7502,0
7503,0
7504,0
7505,0
7506,0
7507,0
7508,0
7509,0
7510,0
7511,0
7512,0
7513,0
7514,0
7515,0
7516,0
7517,0
7518,0
7519,0
7520,0
7521,0
7522,0
7523,0
7524,0
7525,0
7526,0
7527,0
7528,0
7529,0
7530,0
7531,0
7532,0
7533,0
7534,0
7535,0
7536,0
7537,0
7538,0
7539,0
7540,0
7541,0
7542,0
7543,0
7544,0
7545,0
7546,0
7547,0
7548,0
7549,0
7550,0
7551,0
7552,0
7553,0
7554,0
7555,0
7556,0
7557,0
7558,0
7559,2
7560,2
7561,0
7562,0
7563,0
7564,0
7565,0
7566,0
7567,0
7568,2
7569,2
7570,0
7571,0
7572,0
7573,0
7574,0
7575,0
7576,0
7577,0
7578,0
7579,0
7580,0
7581,0
7582,0
7583,0
7584,0
7585,0
7586,0
7587,0
7588,0
7589,0
7590,0
7591,0
7592,0
7593,0
7594,0
7595,0
7596,0
7597,0
7598,0
7599,0
7600,0
7601,0
7602,0
7603,0
7604,0
7605,0
7606,0
7607,0
7608,0
7609,0
7610,0
7611,0
7612,0
7613,0
7614,0
7615,0
7616,0
7617,0
7618,0
7619,0
7620,0
7621,0
7622,0
7623,0
7624,0
7625,0
7626,0
7627,0
7628,2
7629,0
7630,0
7631,0
7632,0
7633,0
7634,0
7635,0
7636,0
7637,0
7638,0
7639,0
7640,0
7641,0
7642,0
7643,0
7644,0
7645,0
7646,0
7647,0
7648,0
7649,0
7650,0
7651,0
7652,0
7653,0
7654,0
7655,0
7656,0
7657,0
7658,0
7659,0
7660,2
7661,0
7662,0
7663,0
7664,0
7665,0
7666,0
7667,0
7668,0
7669,0
7670,0
7671,0
7672,0
7673,0
7674,0
7675,0
7676,0
7677,0
7678,0
7679,0
7680,0
7681,0
7682,0
7683,0
7684,0
7685,0
7686,0
7687,0
7688,0
7689,0
7690,0
7691,0
7692,0
7693,0
7694,0
7695,0
7696,2
7697,2
7698,0
7699,0
7700,0
7701,0
7702,0
7703,0
7704,0
7705,2
7706,2
7707,0
7708,0
7709,0
7710,0
7711,0
7712,0
7713,0
7714,0
7715,0
7716,0
7717,0
7718,0
7719,0
7720,0
7721,0
7722,0
7723,0
7724,0
7725,0
7726,0
7727,0
7728,0
7729,0
7730,0
7731,0
7732,0
7733,0
7734,0
7735,0
7736,0
7737,0
7738,0
7739,1
7740,0
7741,0
7742,0
7743,0
7744,0
7745,0
7746,0
7747,0
7748,0
7749,0
7750,0
7751,0
7752,0
7753,0
7754,0
7755,0
7756,0
7757,0
7758,0
7759,0
7760,0
7761,0
7762,0
7763,0
7764,0
7765,2
7766,0
7767,0
7768,0
7769,0
7770,0
7771,2
7772,0
7773,0
7774,0
7775,0
7776,0
7777,0
7778,0
7779,0
7780,0
7781,0
7782,0
7783,0
7784,0
7785,0
7786,0
7787,0
7788,0
7789,0
7790,0
7791,0
7792,0
7793,0
7794,2
7795,0
7796,0
7797,2
7798,0
7799,0
7800,0
7801,0
7802,2
7803,0
7804,0
7805,0
7806,0
7807,0
7808,0
7809,0
7810,0
7811,0
7812,0
7813,0
7814,0
7815,0
7816,0
7817,0
7818,0
7819,0
7820,0
7821,0
7822,0
7823,0
7824,0
7825,0
7826,0
7827,0
7828,0
7829,0
7830,0
7831,0
7832,0
7833,2
7834,2
7835,0
7836,0
7837,0
7838,1
7839,0
7840,0
7841,2
7842,2
7843,2
7844,0
7845,0
7846,0
7847,0
7848,0
7849,0
7850,0
7851,0
7852,0
7853,0
7854,2
7855,1
7856,0
7857,0
7858,0
7859,0
7860,0
7861,0
7862,0
7863,0
7864,0
7865,0
7866,0
7867,0
7868,0
7869,0
7870,0
7871,0
7872,0
7873,0
7874,0
7875,1
7876,1
7877,0
7878,0
7879,0
7880,0
7881,0
7882,0
7883,0
7884,0
7885,2
7886,0
7887,0
7888,0
7889,0
7890,0
7891,0
7892,0
7893,0
7894,0
7895,0
7896,0
7897,0
7898,1
7899,0
7900,0
7901,0
7902,2
7903,2
7904,0
7905,0
7906,0
7907,0
7908,2
7909,0
7910,0
7911,0
7912,0
7913,1
7914,2
7915,0
7916,0
7917,0
7918,0
7919,1
7920,0
7921,0
7922,0
7923,0
7924,0
7925,0
7926,0
7927,0
7928,0
7929,0
7930,0
7931,2
7932,0
7933,0
7934,2
7935,0
7936,0
7937,2
7938,0
7939,2
7940,0
7941,1
7942,0
7943,0
7944,0
7945,0
7946,0
7947,0
7948,0
7949,0
7950,0
7951,0
7952,0
7953,0
7954,0
7955,0
7956,0
7957,0
7958,0
7959,0
7960,0
7961,0
7962,0
7963,0
7964,0
7965,0
7966,0
7967,0
7968,0
7969,0
7970,2
7971,2
7972,0
7973,2
7974,0
7975,2
7976,0
7977,0
7978,2
7979,2
7980,2
7981,0
7982,0
7983,0
7984,0
7985,0
7986,0
7987,0
7988,0
7989,0
7990,2
7991,2
7992,2
7993,0
7994,0
7995,0
7996,0
7997,0
7998,0
7999,0
8000,0
8001,0
8002,1
8003,0
8004,0
8005,0
8006,0
8007,0
8008,0
8009,0
8010,2
8011,0
8012,2
8013,1
8014,0
8015,0
8016,0
8017,0
8018,0
8019,0
8020,0
8021,0
8022,2
8023,0
8024,0
8025,2
8026,0
8027,0
8028,0
8029,0
8030,0
8031,0
8032,2
8033,0
8034,0
8035,2
8036,0
8037,0
8038,0
8039,2
8040,2
8041,0
8042,0
8043,0
8044,2
8045,2
8046,0
8047,0
8048,2
8049,1
8050,2
8051,2
8052,0
8053,0
8054,0
8055,0
8056,1
8057,0
8058,1
8059,0
8060,0
8061,0
8062,0
8063,0
8064,0
8065,0
8066,0
8067,0
8068,2
8069,0
8070,0
8071,2
8072,0
8073,0
8074,2
8075,2
8076,2
8077,0
8078,1
8079,0
8080,0
8081,0
8082,0
8083,0
8084,0
8085,0
8086,0
8087,0
8088,0
8089,0
8090,0
8091,0
8092,0
8093,0
8094,0
8095,0
8096,0
8097,0
8098,0
8099,0
8100,0
8101,0
8102,0
8103,0
8104,0
8105,0
8106,0
8107,2
8108,2
8109,0
8110,0
8111,0
8112,0
8113,0
8114,0
8115,0
8116,2
8117,2
8118,0
8119,0
8120,0
8121,0
8122,0
8123,0
8124,0
8125,0
8126,0
8127,0
8128,0
8129,0
8130,0
8131,0
8132,0
8133,0
8134,0
8135,0
8136,0
8137,0
8138,0
8139,0
8140,0
8141,0
8142,0
8143,0
8144,0
8145,0
8146,0
8147,0
8148,0
8149,0
8150,0
8151,0
8152,0
8153,0
8154,0
8155,0
8156,0
8157,0
8158,0
8159,0
8160,0
8161,0
8162,0
8163,0
8164,0
8165,0
8166,0
8167,0
8168,0
8169,0
8170,0
8171,0
8172,0
8173,0
8174,0
8175,0
8176,2
8177,0
8178,0
8179,0
8180,0
8181,0
8182,0
8183,0
8184,0
8185,0
8186,0
8187,0
8188,0
8189,0
8190,0
8191,0
8192,0
8193,0
8194,0
8195,0
8196,0
8197,0
8198,0
8199,0
8200,0
8201,0
8202,0
8203,0
8204,0
8205,0
8206,0
8207,0
8208,2
8209,0
8210,0
8211,0
8212,0
8213,2
8214,0
8215,0
8216,0
8217,0
8218,0
8219,0
8220,0
8221,0
8222,0
8223,0
8224,0
8225,0
8226,0
8227,0
8228,0
8229,0
8230,0
8231,0
8232,0
8233,0
8234,0
8235,0
8236,0
8237,0
8238,0
8239,0
8240,0
8241,0
8242,0
8243,0
8244,2
8245,2
8246,0
8247,0
8248,0
8249,0
8250,0
8251,0
8252,2
8253,2
8254,2
8255,0
8256,0
8257,0
8258,0
8259,0
8260,0
8261,0
8262,0
8263,0
8264,0
8265,0
8266,1
8267,0
8268,0
8269,0
8270,0
8271,0
8272,0
8273,0
8274,0
8275,0
8276,0
8277,0
8278,0
8279,0
8280,0
8281,0
8282,0
8283,0
8284,0
8285,0
8286,0
8287,1
8288,0
8289,0
8290,0
8291,0
8292,0
8293,0
8294,0
8295,0
8296,0
8297,0
8298,0
8299,0
8300,0
8301,0
8302,0
8303,0
8304,0
8305,0
8306,0
8307,0
8308,0
8309,0
8310,0
8311,0
8312,0
8313,2
8314,0
8315,0
8316,0
8317,0
8318,0
8319,0
8320,0
8321,0
8322,0
8323,0
8324,0
8325,2
8326,0
8327,0
8328,0
8329,0
8330,0
8331,0
8332,0
8333,0
8334,0
8335,0
8336,0
8337,0
8338,0
8339,0
8340,0
8341,0
8342,2
8343,0
8344,0
8345,2
8346,0
8347,0
8348,0
8349,0
8350,2
8351,0
8352,0
8353,0
8354,0
8355,0
8356,0
8357,0
8358,0
8359,0
8360,0
8361,0
8362,0
8363,0
8364,0
8365,0
8366,0
8367,0
8368,0
8369,0
8370,0
8371,0
8372,0
8373,0
8374,0
8375,0
8376,0
8377,0
8378,0
8379,0
8380,0
8381,2
8382,2
8383,0
8384,0
8385,0
8386,0
8387,0
8388,0
8389,2
8390,2
8391,2
8392,0
8393,0
8394,0
8395,0
8396,0
8397,0
8398,0
8399,0
8400,0
8401,0
8402,1
8403,0
8404,0
8405,0
8406,0
8407,0
8408,0
8409,0
8410,0
8411,0
8412,0
8413,0
8414,0
8415,0
8416,0
8417,0
8418,0
8419,0
8420,0
8421,0
8422,0
8423,0
8424,0
8425,0
8426,0
8427,0
8428,0
8429,0
8430,0
8431,0
8432,0
8433,0
8434,0
8435,0
8436,0
8437,0
8438,0
8439,0
8440,0
8441,0
8442,0
8443,0
8444,0
8445,0
8446,0
8447,0
8448,0
8449,0
8450,2
8451,0
8452,0
8453,0
8454,0
8455,0
8456,0
8457,0
8458,0
8459,0
8460,0
8461,0
8462,2
8463,0
8464,0
8465,0
8466,0
8467,0
8468,0
8469,0
8470,0
8471,0
8472,0
8473,0
8474,0
8475,0
8476,0
8477,0
8478,0
8479,2
8480,0
8481,0
8482,2
8483,0
8484,0
8485,2
8486,0
8487,2
8488,0
8489,0
8490,0
8491,0
8492,0
8493,0
8494,0
8495,0
8496,0
8497,0
8498,0
8499,0
8500,0
8501,0
8502,0
8503,0
8504,0
8505,0
8506,0
8507,0
8508,0
8509,0
8510,0
8511,0
8512,0
8513,0
8514,0
8515,0
8516,0
8517,0
8518,2
8519,2
8520,0
8521,0
8522,0
8523,1
8524,0
8525,0
8526,2
8527,2
8528,2
8529,0
8530,0
8531,0
8532,0
8533,0
8534,0
8535,0
8536,0
8537,0
8538,0
8539,1
8540,1
8541,0
8542,0
8543,0
8544,0
8545,0
8546,0
8547,0
8548,0
8549,0
8550,0
8551,0
8552,0
8553,0
8554,0
8555,0
8556,0
8557,0
8558,0
8559,0
8560,0
8561,1
8562,0
8563,0
8564,0
8565,0
8566,0
8567,0
8568,0
8569,0
8570,2
8571,0
8572,0
8573,0
8574,0
8575,0
8576,0
8577,0
8578,0
8579,0
8580,2
8581,0
8582,0
8583,2
8584,0
8585,0
8586,0
8587,2
8588,2
8589,0
8590,0
8591,0
8592,0
8593,0
8594,0
8595,0
8596,1
8597,0
8598,0
8599,2
8600,0
8601,0
8602,0
8603,0
8604,1
8605,0
8606,0
8607,0
8608,0
8609,0
8610,0
8611,0
8612,0
8613,0
8614,0
8615,0
8616,2
8617,0
8618,0
8619,2
8620,0
8621,0
8622,2
8623,0
8624,2
8625,0
8626,0
8627,0
8628,0
8629,0
8630,0
8631,0
8632,0
8633,0
8634,0
8635,0
8636,0
8637,0
8638,0
8639,0
8640,0
8641,0
8642,0
8643,0
8644,0
8645,0
8646,0
8647,0
8648,0
8649,0
8650,0
8651,0
8652,0
8653,0
8654,0
8655,2
8656,2
8657,0
8658,0
8659,0
8660,0
8661,0
8662,0
8663,2
8664,2
8665,2
8666,0
8667,0
8668,0
8669,0
8670,0
8671,0
8672,0
8673,0
8674,0
8675,0
8676,1
8677,0
8678,0
8679,0
8680,0
8681,0
8682,0
8683,0
8684,0
8685,0
8686,0
8687,0
8688,0
8689,0
8690,0
8691,0
8692,0
8693,0
8694,0
8695,0
8696,0
8697,0
8698,0
8699,0
8700,0
8701,0
8702,0
8703,0
8704,0
8705,0
8706,0
8707,0
8708,0
8709,0
8710,0
8711,0
8712,0
8713,0
8714,0
8715,0
8716,0
8717,0
8718,0
8719,0
8720,0
8721,0
8722,0
8723,0
8724,2
8725,0
8726,0
8727,0
8728,0
8729,0
8730,0
8731,0
8732,0
8733,0
8734,0
8735,0
8736,2
8737,0
8738,0
8739,0
8740,0
8741,0
8742,0
8743,0
8744,0
8745,0
8746,0
8747,0
8748,0
8749,0
8750,0
8751,0
8752,0
8753,2
8754,0
8755,0
8756,2
8757,0
8758,0
8759,2
8760,0
8761,2
8762,0
8763,0
8764,0
8765,0
8766,0
8767,0
8768,0
8769,0
8770,0
8771,0
8772,0
8773,0
8774,0
8775,0
8776,0
8777,0
8778,0
8779,0
8780,0
8781,0
8782,0
8783,0
8784,0
8785,0
8786,0
8787,0
8788,0
8789,0
8790,0
8791,0
8792,2
8793,2
8794,0
8795,0
8796,0
8797,0
8798,0
8799,0
8800,0
8801,2
8802,2
8803,0
8804,0
8805,0
8806,0
8807,0
8808,0
8809,0
8810,0
8811,0
8812,0
8813,0
8814,0
8815,0
8816,0
8817,0
8818,0
8819,0
8820,0
8821,0
8822,0
8823,0
8824,0
8825,0
8826,0
8827,0
8828,0
8829,0
8830,0
8831,0
8832,0
8833,0
8834,0
8835,0
8836,0
8837,0
8838,0
8839,0
8840,0
8841,0
8842,0
8843,0
8844,0
8845,0
8846,0
8847,0
8848,0
8849,0
8850,0
8851,0
8852,0
8853,0
8854,0
8855,0
8856,0
8857,0
8858,0
8859,0
8860,0
8861,2
8862,0
8863,0
8864,0
8865,0
8866,0
8867,0
8868,0
8869,0
8870,0
8871,0
8872,0
8873,0
8874,0
8875,0
8876,0
8877,0
8878,0
8879,0
8880,0
8881,0
8882,0
8883,0
8884,0
8885,0
8886,0
8887,0
8888,0
8889,0
8890,0
8891,0
8892,0
8893,0
8894,0
8895,0
8896,0
8897,0
8898,0
8899,0
8900,0
8901,0
8902,0
8903,0
8904,0
8905,0
8906,0
8907,0
8908,0
8909,0
8910,0
8911,0
8912,0
8913,0
8914,0
8915,0
8916,0
8917,0
8918,0
8919,0
8920,0
8921,0
8922,0
8923,0
8924,0
8925,0
8926,0
8927,0
8928,0
8929,2
8930,2
8931,0
8932,0
8933,0
8934,0
8935,0
8936,0
8937,0
8938,2
8939,2
8940,0
8941,0
8942,0
8943,0
8944,0
8945,0
8946,0
8947,0
8948,0
8949,0
8950,1
8951,0
8952,0
8953,0
8954,0
8955,0
8956,0
8957,0
8958,0
8959,0
8960,0
8961,0
8962,0
8963,0
8964,0
8965,0
8966,0
8967,0
8968,0
8969,0
8970,0
8971,0
8972,0
8973,0
8974,0
8975,0
8976,0
8977,0
8978,0
8979,0
8980,0
8981,0
8982,0
8983,0
8984,0
8985,0
8986,0
8987,0
8988,0
8989,0
8990,0
8991,0
8992,0
8993,0
8994,0
8995,0
8996,0
8997,0
8998,2
8999,0
9000,0
9001,0
9002,0
9003,0
9004,0
9005,0
9006,0
9007,0
9008,0
9009,0
9010,2
9011,0
9012,0
9013,0
9014,0
9015,1
9016,0
9017,0
9018,0
9019,0
9020,0
9021,0
9022,0
9023,0
9024,0
9025,0
9026,0
9027,0
9028,0
9029,0
9030,2
9031,0
9032,0
9033,0
9034,0
9035,0
9036,0
9037,0
9038,0
9039,0
9040,0
9041,0
9042,0
9043,0
9044,0
9045,0
9046,0
9047,0
9048,0
9049,0
9050,0
9051,0
9052,0
9053,0
9054,0
9055,0
9056,0
9057,0
9058,0
9059,0
9060,0
9061,0
9062,0
9063,0
9064,0
9065,0
9066,2
9067,2
9068,0
9069,0
9070,0
9071,0
9072,0
9073,0
9074,2
9075,2
9076,2
9077,0
9078,0
9079,0
9080,0
9081,0
9082,0
9083,0
9084,0
9085,0
9086,0
9087,2
9088,2
9089,0
9090,0
9091,0
9092,0
9093,0
9094,0
9095,0
9096,0
9097,0
9098,0
9099,0
9100,0
9101,0
9102,0
9103,0
9104,0
9105,0
9106,0
9107,0
9108,0
9109,1
9110,0
9111,0
9112,0
9113,0
9114,0
9115,0
9116,0
9117,0
9118,0
9119,0
9120,0
9121,0
9122,0
9123,0
9124,0
9125,0
9126,0
9127,0
9128,0
9129,0
9130,0
9131,1
9132,0
9133,0
9134,0
9135,2
9136,0
9137,0
9138,0
9139,0
9140,0
9141,2
9142,0
9143,0
9144,0
9145,0
9146,0
9147,2
9148,0
9149,0
9150,0
9151,0
9152,2
9153,0
9154,0
9155,0
9156,0
9157,0
9158,0
9159,0
9160,0
9161,0
9162,0
9163,0
9164,2
9165,0
9166,0
9167,2
9168,0
9169,0
9170,0
9171,0
9172,2
9173,0
9174,0
9175,0
9176,0
9177,0
9178,0
9179,0
9180,0
9181,0
9182,0
9183,0
9184,0
9185,0
9186,0
9187,0
9188,0
9189,0
9190,0
9191,0
9192,0
9193,0
9194,0
9195,0
9196,0
9197,0
9198,0
9199,0
9200,0
9201,0
9202,0
9203,2
9204,2
9205,0
9206,0
9207,0
9208,0
9209,0
9210,0
9211,0
9212,2
9213,2
9214,0
9215,0
9216,0
9217,0
9218,0
9219,0
9220,0
9221,0
9222,0
9223,0
9224,0
9225,0
9226,0
9227,0
9228,0
9229,0
9230,0
9231,0
9232,0
9233,0
9234,0
9235,0
9236,0
9237,0
9238,0
9239,0
9240,0
9241,0
9242,0
9243,0
9244,0
9245,0
9246,0
9247,0
9248,0
9249,0
9250,0
9251,0
9252,0
9253,0
9254,0
9255,0
9256,0
9257,0
9258,0
9259,0
9260,0
9261,0
9262,0
9263,0
9264,0
9265,0
9266,0
9267,0
9268,0
9269,0
9270,0
9271,0
9272,2
9273,0
9274,0
9275,0
9276,0
9277,0
9278,0
9279,0
9280,0
9281,0
9282,0
9283,0
9284,0
9285,0
9286,0
9287,0
9288,0
9289,0
9290,0
9291,0
9292,0
9293,0
9294,0
9295,0
9296,0
9297,0
9298,0
9299,0
9300,0
9301,0
9302,0
9303,0
9304,2
9305,0
9306,0
9307,0
9308,0
9309,0
9310,0
9311,0
9312,0
9313,0
9314,0
9315,0
9316,0
9317,0
9318,0
9319,0
9320,0
9321,0
9322,0
9323,0
9324,0
9325,0
9326,0
9327,0
9328,0
9329,0
9330,0
9331,0
9332,0
9333,0
9334,0
9335,0
9336,0
9337,0
9338,0
9339,0
9340,2
9341,2
9342,0
9343,0
9344,0
9345,1
9346,0
9347,0
9348,2
9349,2
9350,2
9351,0
9352,0
9353,0
9354,0
9355,0
9356,0
9357,0
9358,0
9359,0
9360,2
9361,1
9362,1
9363,0
9364,0
9365,0
9366,0
9367,0
9368,0
9369,0
9370,0
9371,0
9372,0
9373,0
9374,0
9375,0
9376,0
9377,0
9378,0
9379,0
9380,0
9381,0
9382,1
9383,1
9384,0
9385,0
9386,0
9387,0
9388,0
9389,0
9390,0
9391,0
9392,0
9393,0
9394,0
9395,0
9396,0
9397,0
9398,0
9399,0
9400,0
9401,0
9402,2
9403,0
9404,0
9405,2
9406,0
9407,0
9408,0
9409,2
9410,2
9411,0
9412,0
9413,0
9414,0
9415,0
9416,0
9417,0
9418,1
9419,1
9420,1
9421,2
9422,0
9423,0
9424,0
9425,0
9426,1
9427,0
9428,0
9429,0
9430,0
9431,0
9432,0
9433,0
9434,0
9435,0
9436,0
9437,0
9438,2
9439,0
9440,0
9441,2
9442,0
9443,0
9444,2
9445,0
9446,2
9447,0
9448,1
9449,0
9450,0
9451,0
9452,0
9453,0
9454,0
9455,0
9456,0
9457,0
9458,0
9459,0
9460,0
9461,0
9462,0
9463,0
9464,0
9465,0
9466,0
9467,0
9468,0
9469,0
9470,0
9471,0
9472,0
9473,0
9474,0
9475,0
9476,0
9477,2
9478,2
9479,0
9480,0
9481,0
9482,1
9483,0
9484,0
9485,2
9486,2
9487,2
9488,0
9489,0
9490,0
9491,0
9492,0
9493,0
9494,0
9495,0
9496,0
9497,0
9498,1
9499,0
9500,0
9501,0
9502,0
9503,0
9504,0
9505,0
9506,0
9507,0
9508,0
9509,0
9510,0
9511,0
9512,0
9513,0
9514,0
9515,0
9516,0
9517,0
9518,0
9519,0
9520,0
9521,0
9522,0
9523,0
9524,0
9525,0
9526,0
9527,0
9528,0
9529,0
9530,0
9531,0
9532,0
9533,0
9534,0
9535,0
9536,0
9537,0
9538,0
9539,0
9540,0
9541,0
9542,0
9543,0
9544,0
9545,0
9546,2
9547,0
9548,0
9549,0
9550,0
9551,1
9552,0
9553,0
9554,0
9555,0
9556,0
9557,0
9558,2
9559,0
9560,0
9561,0
9562,0
9563,1
9564,0
9565,0
9566,0
9567,0
9568,0
9569,0
9570,0
9571,0
9572,0
9573,0
9574,0
9575,2
9576,0
9577,0
9578,1
9579,0
9580,0
9581,2
9582,0
9583,2
9584,0
9585,1
9586,0
9587,0
9588,0
9589,0
9590,0
9591,0
9592,0
9593,0
9594,0
9595,0
9596,0
9597,0
9598,0
9599,0
9600,0
9601,0
9602,0
9603,0
9604,0
9605,0
9606,0
9607,0
9608,0
9609,0
9610,0
9611,0
9612,0
9613,0
9614,2
9615,2
9616,0
9617,0
9618,0
9619,0
9620,0
9621,0
9622,2
9623,2
9624,2
9625,0
9626,0
9627,0
9628,0
9629,0
9630,0
9631,0
9632,0
9633,0
9634,0
9635,2
9636,2
9637,0
9638,0
9639,0
9640,0
9641,0
9642,0
9643,0
9644,0
9645,0
9646,0
9647,0
9648,0
9649,0
9650,0
9651,0
9652,0
9653,0
9654,2
9655,0
9656,0
9657,2
9658,0
9659,0
9660,0
9661,0
9662,0
9663,0
9664,0
9665,0
9666,0
9667,0
9668,0
9669,0
9670,0
9671,0
9672,0
9673,0
9674,0
9675,0
9676,0
9677,0
9678,0
9679,0
9680,0
9681,0
9682,0
9683,2
9684,0
9685,0
9686,0
9687,0
9688,0
9689,2
9690,0
9691,0
9692,0
9693,0
9694,0
9695,2
9696,0
9697,0
9698,0
9699,0
9700,2
9701,0
9702,0
9703,0
9704,0
9705,0
9706,0
9707,0
9708,0
9709,0
9710,0
9711,0
9712,2
9713,0
9714,0
9715,2
9716,0
9717,0
9718,2
9719,0
9720,0
9721,0
9722,0
9723,0
9724,0
9725,0
9726,0
9727,0
9728,0
9729,0
9730,0
9731,0
9732,0
9733,0
9734,0
9735,0
9736,0
9737,0
9738,0
9739,0
9740,0
9741,0
9742,0
9743,0
9744,0
9745,0
9746,0
9747,0
9748,0
9749,0
9750,0
9751,2
9752,2
9753,0
9754,0
9755,0
9756,0
9757,0
9758,0
9759,0
9760,2
9761,2
9762,0
9763,0
9764,0
9765,0
9766,0
9767,0
9768,0
9769,0
9770,0
9771,0
9772,1
9773,0
9774,0
9775,0
9776,0
9777,0
9778,0
9779,0
9780,0
9781,0
9782,0
9783,0
9784,0
9785,0
9786,0
9787,0
9788,0
9789,0
9790,0
9791,0
9792,0
9793,0
9794,0
9795,0
9796,0
9797,0
9798,0
9799,0
9800,0
9801,0
9802,0
9803,0
9804,0
9805,0
9806,0
9807,0
9808,0
9809,0
9810,0
9811,0
9812,0
9813,0
9814,0
9815,0
9816,0
9817,0
9818,0
9819,0
9820,2
9821,0
9822,0
9823,0
9824,0
9825,0
9826,0
9827,0
9828,0
9829,0
9830,0
9831,0
9832,2
9833,0
9834,0
9835,0
9836,0
9837,1
9838,0
9839,0
9840,0
9841,0
9842,0
9843,0
9844,0
9845,0
9846,0
9847,0
9848,0
9849,0
9850,0
9851,0
9852,2
9853,0
9854,0
9855,0
9856,0
9857,0
9858,0
9859,0
9860,0
9861,0
9862,0
9863,0
9864,0
9865,0
9866,0
9867,0
9868,0
9869,0
9870,0
9871,0
9872,0
9873,0
9874,0
9875,0
9876,0
9877,0
9878,0
9879,0
9880,0
9881,0
9882,0
9883,0
9884,0
9885,0
9886,0
9887,0
9888,2
9889,2
9890,0
9891,1
9892,0
9893,1
9894,0
9895,0
9896,2
9897,2
9898,2
9899,0
9900,0
9901,0
9902,0
9903,0
9904,0
9905,0
9906,0
9907,0
9908,0
9909,1
9910,0
9911,0
9912,0
9913,0
9914,0
9915,0
9916,0
9917,0
9918,1
9919,0
9920,1
9921,0
9922,0
9923,0
9924,0
9925,0
9926,0
9927,0
9928,0
9929,0
9930,0
9931,1
9932,0
9933,0
9934,0
9935,0
9936,0
9937,0
9938,0
9939,0
9940,1
9941,0
9942,0
9943,0
9944,0
9945,0
9946,0
9947,0
9948,0
9949,0
9950,0
9951,0
9952,0
9953,0
9954,0
9955,0
9956,0
9957,2
9958,2
9959,0
9960,0
9961,0
9962,1
9963,2
9964,0
9965,0
9966,0
9967,0
9968,0
9969,2
9970,0
9971,0
9972,0
9973,0
9974,1
9975,0
9976,0
9977,0
9978,0
9979,0
9980,0
9981,0
9982,0
9983,0
9984,0
9985,0
9986,2
9987,0
9988,0
9989,2
9990,0
9991,0
9992,2
9993,0
9994,2
9995,0
9996,0
9997,0
9998,0
9999,0
10000,0
10001,0
10002,0
10003,0
10004,0
10005,0
10006,0
10007,0
10008,0
10009,0
10010,0
10011,0
10012,0
10013,0
10014,0
10015,0
10016,0
10017,0
10018,0
10019,0
10020,0
10021,0
10022,0
10023,0
10024,0
10025,2
10026,2
10027,0
10028,0
10029,0
10030,1
10031,0
10032,0
10033,2
10034,2
10035,2
10036,0
10037,0
10038,0
10039,0
10040,0
10041,0
10042,0
10043,0
10044,0
10045,0
10046,2
10047,1
10048,0
10049,0
10050,0
10051,0
10052,0
10053,0
10054,0
10055,0
10056,0
10057,1
10058,0
10059,0
10060,0
10061,0
10062,0
10063,0
10064,0
10065,0
10066,0
10067,0
10068,1
10069,0
10070,0
10071,0
10072,0
10073,0
10074,0
10075,0
10076,0
10077,0
10078,0
10079,0
10080,0
10081,0
10082,0
10083,0
10084,0
10085,0
10086,0
10087,2
10088,0
10089,0
10090,2
10091,0
10092,0
10093,0
10094,2
10095,1
10096,0
10097,0
10098,0
10099,0
10100,2
10101,0
10102,0
10103,1
10104,0
10105,1
10106,2
10107,0
10108,0
10109,0
10110,0
10111,1
10112,0
10113,0
10114,0
10115,0
10116,0
10117,0
10118,0
10119,0
10120,0
10121,0
10122,0
10123,2
10124,0
10125,0
10126,2
10127,0
10128,0
10129,2
10130,0
10131,2
10132,0
10133,0
10134,0
10135,0
10136,0
10137,0
10138,0
10139,0
10140,0
10141,0
10142,0
10143,0
10144,0
10145,0
10146,0
10147,0
10148,0
10149,0
10150,0
10151,0
10152,0
10153,0
10154,0
10155,0
10156,0
10157,0
10158,0
10159,0
10160,0
10161,0
10162,2
10163,2
10164,0
10165,0
10166,0
10167,0
10168,0
10169,0
10170,0
10171,2
10172,2
10173,0
10174,0
10175,0
10176,0
10177,0
10178,0
10179,0
10180,0
10181,0
10182,0
10183,0
10184,0
10185,0
10186,0
10187,0
10188,0
10189,0
10190,0
10191,0
10192,0
10193,0
10194,0
10195,0
10196,0
10197,0
10198,0
10199,0
10200,0
10201,0
10202,0
10203,0
10204,0
10205,1
10206,0
10207,0
10208,0
10209,0
10210,0
10211,0
10212,0
10213,0
10214,0
10215,0
10216,0
10217,0
10218,0
10219,0
10220,0
10221,0
10222,0
10223,0
10224,0
10225,0
10226,0
10227,0
10228,0
10229,0
10230,0
10231,2
10232,0
10233,0
10234,0
10235,0
10236,0
10237,0
10238,0
10239,0
10240,0
10241,0
10242,0
10243,0
10244,0
10245,0
10246,0
10247,0
10248,0
10249,0
10250,0
10251,0
10252,0
10253,0
10254,0
10255,0
10256,0
10257,0
10258,0
10259,0
10260,0
10261,0
10262,0
10263,2
10264,0
10265,0
10266,0
10267,0
10268,2
10269,0
10270,0
10271,0
10272,0
10273,0
10274,0
10275,0
10276,0
10277,0
10278,0
10279,0
10280,0
10281,0
10282,0
10283,0
10284,0
10285,0
10286,0
10287,0
10288,0
10289,0
10290,0
10291,0
10292,0
10293,0
10294,0
10295,0
10296,0
10297,0
10298,0
10299,2
10300,2
10301,0
10302,2
10303,0
10304,2
10305,0
10306,0
10307,2
10308,2
10309,2
10310,0
10311,0
10312,0
10313,0
10314,0
10315,0
10316,0
10317,0
10318,0
10319,0
10320,2
10321,2
10322,0
10323,0
10324,0
10325,0
10326,0
10327,0
10328,0
10329,0
10330,0
10331,1
10332,0
10333,1
10334,0
10335,0
10336,0
10337,0
10338,0
10339,2
10340,0
10341,2
10342,1
10343,0
10344,0
10345,0
10346,0
10347,0
10348,0
10349,0
10350,0
10351,2
10352,0
10353,0
10354,2
10355,0
10356,0
10357,0
10358,0
10359,0
10360,0
10361,2
10362,0
10363,0
10364,2
10365,0
10366,0
10367,0
10368,2
10369,2
10370,0
10371,0
10372,0
10373,0
10374,2
10375,0
10376,0
10377,2
10378,1
10379,2
10380,2
10381,0
10382,0
10383,0
10384,0
10385,1
10386,0
10387,1
10388,0
10389,0
10390,0
10391,0
10392,0
10393,0
10394,0
10395,0
10396,0
10397,2
10398,0
10399,0
10400,2
10401,0
10402,0
10403,2
10404,2
10405,2
10406,0
10407,1
10408,0
10409,0
10410,0
10411,0
10412,0
10413,0
10414,0
10415,0
10416,0
10417,0
10418,0
10419,0
10420,0
10421,0
10422,0
10423,0
10424,0
10425,0
10426,0
10427,0
10428,0
10429,0
10430,0
10431,0
10432,0
10433,0
10434,0
10435,0
10436,2
10437,2
10438,0
10439,0
10440,0
10441,0
10442,0
10443,0
10444,0
10445,2
10446,2
10447,0
10448,0
10449,0
10450,0
10451,0
10452,0
10453,0
10454,0
10455,0
10456,0
10457,0
10458,0
10459,0
10460,0
10461,0
10462,0
10463,0
10464,0
10465,0
10466,0
10467,0
10468,0
10469,0
10470,0
10471,0
10472,0
10473,0
10474,0
10475,0
10476,0
10477,0
10478,0
10479,0
10480,0
10481,0
10482,0
10483,0
10484,0
10485,0
10486,0
10487,0
10488,0
10489,0
10490,0
10491,0
10492,0
10493,0
10494,0
10495,0
10496,0
10497,0
10498,0
10499,0
10500,0
10501,0
10502,0
10503,0
10504,0
10505,2
10506,0
10507,0
10508,0
10509,0
10510,0
10511,0
10512,0
10513,0
10514,0
10515,0
10516,0
10517,0
10518,0
10519,0
10520,0
10521,0
10522,0
10523,0
10524,0
10525,0
10526,0
10527,0
10528,0
10529,0
10530,0
10531,0
10532,0
10533,0
10534,0
10535,0
10536,0
10537,2
10538,0
10539,0
10540,0
10541,0
10542,0
10543,0
10544,0
10545,0
10546,0
10547,0
10548,0
10549,0
10550,0
10551,0
10552,0
10553,0
10554,0
10555,0
10556,0
10557,0
10558,0
10559,0
10560,0
10561,0
10562,0
10563,0
10564,0
10565,0
10566,0
10567,0
10568,0
10569,0
10570,0
10571,0
10572,0
10573,2
10574,2
10575,0
10576,0
10577,0
10578,0
10579,0
10580,0
10581,0
10582,2
10583,2
10584,0
10585,0
10586,0
10587,0
10588,0
10589,0
10590,0
10591,0
10592,0
10593,0
10594,0
10595,0
10596,0
10597,0
10598,0
10599,0
10600,0
10601,0
10602,0
10603,0
10604,0
10605,0
10606,0
10607,0
10608,0
10609,0
10610,0
10611,0
10612,0
10613,0
10614,0
10615,0
10616,0
10617,0
10618,0
10619,0
10620,0
10621,0
10622,0
10623,0
10624,0
10625,0
10626,0
10627,0
10628,0
10629,0
10630,0
10631,0
10632,0
10633,0
10634,0
10635,0
10636,0
10637,0
10638,0
10639,0
10640,0
10641,0
10642,2
10643,0
10644,0
10645,0
10646,0
10647,0
10648,0
10649,0
10650,0
10651,0
10652,0
10653,0
10654,0
10655,0
10656,0
10657,0
10658,0
10659,0
10660,0
10661,0
10662,0
10663,0
10664,0
10665,0
10666,0
10667,0
10668,0
10669,0
10670,0
10671,0
10672,0
10673,0
10674,0
10675,0
10676,0
10677,0
10678,0
10679,0
10680,0
10681,0
10682,0
10683,0
10684,0
10685,0
10686,0
10687,0
10688,0
10689,0
10690,0
10691,0
10692,0
10693,0
10694,0
10695,0
10696,0
10697,0
10698,0
10699,0
10700,0
10701,0
10702,0
10703,0
10704,0
10705,0
10706,0
10707,0
10708,0
10709,0
10710,2
10711,2
10712,0
10713,0
10714,0
10715,0
10716,0
10717,0
10718,2
10719,2
10720,2
10721,0
10722,0
10723,0
10724,0
10725,0
10726,0
10727,0
10728,0
10729,0
10730,0
10731,1
10732,1
10733,0
10734,0
10735,0
10736,0
10737,0
10738,0
10739,0
10740,0
10741,0
10742,0
10743,0
10744,0
10745,0
10746,0
10747,0
10748,0
10749,0
10750,2
10751,0
10752,1
10753,1
10754,0
10755,0
10756,0
10757,0
10758,0
10759,0
10760,0
10761,0
10762,0
10763,0
10764,0
10765,2
10766,0
10767,0
10768,0
10769,0
10770,0
10771,0
10772,0
10773,0
10774,0
10775,0
10776,0
10777,0
10778,0
10779,2
10780,0
10781,0
10782,0
10783,0
10784,0
10785,0
10786,0
10787,0
10788,1
10789,0
10790,0
10791,2
10792,0
10793,0
10794,0
10795,0
10796,2
10797,0
10798,0
10799,0
10800,0
10801,0
10802,0
10803,0
10804,0
10805,0
10806,0
10807,0
10808,2
10809,0
10810,0
10811,2
10812,0
10813,0
10814,2
10815,2
10816,2
10817,0
10818,0
10819,0
10820,0
10821,0
10822,0
10823,0
10824,0
10825,0
10826,0
10827,0
10828,0
10829,0
10830,0
10831,0
10832,0
10833,0
10834,0
10835,0
10836,0
10837,0
10838,0
10839,0
10840,0
10841,0
10842,0
10843,0
10844,0
10845,0
10846,0
10847,2
10848,2
10849,0
10850,0
10851,0
10852,0
10853,0
10854,0
10855,0
10856,2
10857,2
10858,0
10859,0
10860,0
10861,0
10862,0
10863,0
10864,0
10865,0
10866,0
10867,0
10868,2
10869,1
10870,0
10871,0
10872,0
10873,0
10874,0
10875,0
10876,0
10877,0
10878,0
10879,0
10880,0
10881,0
10882,0
10883,0
10884,0
10885,0
10886,0
10887,0
10888,0
10889,0
10890,0
10891,0
10892,0
10893,0
10894,0
10895,0
10896,0
10897,0
10898,0
10899,2
10900,0
10901,0
10902,2
10903,0
10904,0
10905,0
10906,0
10907,0
10908,0
10909,0
10910,0
10911,0
10912,0
10913,0
10914,0
10915,0
10916,2
10917,0
10918,0
10919,0
10920,0
10921,0
10922,2
10923,0
10924,0
10925,1
10926,0
10927,1
10928,2
10929,0
10930,0
10931,0
10932,0
10933,2
10934,0
10935,0
10936,0
10937,0
10938,0
10939,0
10940,0
10941,0
10942,0
10943,0
10944,0
10945,2
10946,0
10947,0
10948,2
10949,0
10950,0
10951,2
10952,0
10953,2
10954,0
10955,0
10956,0
10957,0
10958,0
10959,0
10960,0
10961,0
10962,0
10963,0
10964,0
10965,0
10966,0
10967,0
10968,0
10969,0
10970,0
10971,0
10972,0
10973,0
10974,0
10975,0
10976,0
10977,0
10978,0
10979,0
10980,0
10981,0
10982,0
10983,0
10984,2
10985,2
10986,0
10987,0
10988,0
10989,1
10990,0
10991,0
10992,2
10993,2
10994,2
10995,0
10996,0
10997,0
10998,0
10999,0
11000,0
11001,0
11002,0
11003,0
11004,0
11005,2
11006,0
11007,0
11008,0
11009,0
11010,0
11011,0
11012,0
11013,0
11014,2
11015,0
11016,0
11017,0
11018,0
11019,0
11020,0
11021,0
11022,0
11023,0
11024,0
11025,0
11026,0
11027,1
11028,0
11029,0
11030,0
11031,0
11032,0
11033,0
11034,0
11035,0
11036,2
11037,0
11038,0
11039,0
11040,0
11041,0
11042,0
11043,0
11044,0
11045,0
11046,0
11047,0
11048,0
11049,0
11050,0
11051,0
11052,0
11053,2
11054,0
11055,0
11056,0
11057,0
11058,0
11059,2
11060,0
11061,0
11062,0
11063,0
11064,0
11065,2
11066,0
11067,0
11068,0
11069,0
11070,1
11071,0
11072,0
11073,0
11074,0
11075,0
11076,0
11077,0
11078,0
11079,0
11080,0
11081,0
11082,2
11083,0
11084,0
11085,2
11086,0
11087,0
11088,2
11089,0
11090,2
11091,0
11092,0
11093,0
11094,0
11095,0
11096,0
11097,0
11098,0
11099,0
11100,0
11101,0
11102,0
11103,0
11104,0
11105,0
11106,0
11107,0
11108,0
11109,0
11110,0
11111,0
11112,0
11113,0
11114,0
11115,0
11116,0
11117,0
11118,0
11119,0
11120,0
11121,2
11122,2
11123,0
11124,0
11125,0
11126,0
11127,0
11128,0
11129,2
11130,2
11131,2
11132,0
11133,0
11134,0
11135,0
11136,0
11137,0
11138,0
11139,0
11140,0
11141,0
11142,1
11143,0
11144,0
11145,0
11146,0
11147,0
11148,0
11149,0
11150,0
11151,0
11152,0
11153,0
11154,0
11155,0
11156,0
11157,0
11158,0
11159,0
11160,0
11161,0
11162,0
11163,0
11164,1
11165,0
11166,0
11167,0
11168,0
11169,0
11170,0
11171,0
11172,0
11173,0
11174,0
11175,0
11176,0
11177,0
11178,0
11179,0
11180,0
11181,0
11182,0
11183,2
11184,0
11185,0
11186,1
11187,0
11188,0
11189,0
11190,2
11191,2
11192,0
11193,0
11194,0
11195,0
11196,0
11197,0
11198,0
11199,0
11200,0
11201,0
11202,2
11203,0
11204,0
11205,0
11206,0
11207,0
11208,0
11209,0
11210,0
11211,0
11212,0
11213,0
11214,0
11215,0
11216,0
11217,0
11218,0
11219,2
11220,0
11221,0
11222,2
11223,0
11224,0
11225,2
11226,0
11227,2
11228,0
11229,0
11230,0
11231,0
11232,0
11233,0
11234,0
11235,0
11236,0
11237,0
11238,0
11239,0
11240,0
11241,0
11242,0
11243,0
11244,0
11245,0
11246,0
11247,0
11248,0
11249,0
11250,0
11251,0
11252,0
11253,0
11254,0
11255,0
11256,0
11257,0
11258,2
11259,2
11260,0
11261,0
11262,0
11263,0
11264,0
11265,0
11266,0
11267,2
11268,2
11269,0
11270,0
11271,0
11272,0
11273,0
11274,0
11275,0
11276,0
11277,0
11278,0
11279,0
11280,0
11281,0
11282,0
11283,0
11284,0
11285,0
11286,0
11287,0
11288,0
11289,0
11290,0
11291,0
11292,0
11293,0
11294,0
11295,0
11296,0
11297,0
11298,0
11299,0
11300,0
11301,0
11302,0
11303,0
11304,0
11305,0
11306,0
11307,0
11308,0
11309,0
11310,0
11311,0
11312,0
11313,0
11314,0
11315,0
11316,0
11317,0
11318,0
11319,0
11320,0
11321,0
11322,0
11323,0
11324,0
11325,0
11326,0
11327,2
11328,0
11329,0
11330,0
11331,0
11332,2
11333,1
11334,0
11335,0
11336,0
11337,0
11338,0
11339,2
11340,0
11341,0
11342,0
11343,0
11344,1
11345,0
11346,0
11347,0
11348,0
11349,0
11350,0
11351,0
11352,0
11353,0
11354,0
11355,0
11356,2
11357,0
11358,0
11359,2
11360,0
11361,0
11362,0
11363,0
11364,2
11365,0
11366,0
11367,0
11368,0
11369,0
11370,0
11371,0
11372,0
11373,0
11374,0
11375,0
11376,0
11377,0
11378,0
11379,0
11380,0
11381,0
11382,0
11383,0
11384,0
11385,0
11386,0
11387,0
11388,0
11389,0
11390,0
11391,0
11392,0
11393,0
11394,0
11395,2
11396,2
11397,0
11398,0
11399,0
11400,0
11401,0
11402,0
11403,0
11404,2
11405,2
11406,0
11407,0
11408,0
11409,0
11410,0
11411,0
11412,0
11413,0
11414,0
11415,0
11416,0
11417,0
11418,0
11419,0
11420,0
11421,0
11422,0
11423,0
11424,0
11425,0
11426,0
11427,0
11428,0
11429,0
11430,0
11431,0
11432,0
11433,0
11434,0
11435,0
11436,0
11437,0
11438,0
11439,0
11440,0
11441,0
11442,0
11443,0
11444,0
11445,0
11446,0
11447,0
11448,0
11449,0
11450,0
11451,0
11452,0
11453,0
11454,0
11455,0
11456,0
11457,0
11458,0
11459,0
11460,0
11461,0
11462,0
11463,0
11464,2
11465,0
11466,0
11467,0
11468,0
11469,0
11470,0
11471,0
11472,0
11473,0
11474,0
11475,0
11476,0
11477,0
11478,0
11479,0
11480,0
11481,0
11482,0
11483,0
11484,0
11485,0
11486,0
11487,0
11488,0
11489,0
11490,0
11491,0
11492,0
11493,2
11494,0
11495,0
11496,2
11497,0
11498,0
11499,0
11500,0
11501,0
11502,0
11503,0
11504,0
11505,0
11506,0
11507,0
11508,0
11509,0
11510,0
11511,0
11512,0
11513,0
11514,0
11515,0
11516,0
11517,0
11518,0
11519,0
11520,0
11521,0
11522,0
11523,0
11524,0
11525,0
11526,0
11527,0
11528,0
11529,0
11530,0
11531,0
11532,2
11533,2
11534,0
11535,0
11536,0
11537,0
11538,0
11539,0
11540,0
11541,2
11542,2
11543,0
11544,0
11545,0
11546,0
11547,0
11548,0
11549,0
11550,0
11551,0
11552,0
11553,0
11554,0
11555,0
11556,0
11557,0
11558,0
11559,0
11560,0
11561,0
11562,0
11563,0
11564,0
11565,0
11566,0
11567,0
11568,0
11569,0
11570,0
11571,0
11572,0
11573,0
11574,0
11575,0
11576,0
11577,0
11578,0
11579,0
11580,0
11581,0
11582,0
11583,0
11584,0
11585,0
11586,0
11587,0
11588,0
11589,0
11590,0
11591,0
11592,0
11593,0
11594,0
11595,0
11596,0
11597,0
11598,0
11599,0
11600,0
11601,2
11602,0
11603,0
11604,0
11605,0
11606,0
11607,0
11608,0
11609,0
11610,0
11611,0
11612,0
11613,0
11614,0
11615,0
11616,0
11617,0
11618,0
11619,0
11620,0
11621,0
11622,0
11623,0
11624,0
11625,0
11626,0
11627,0
11628,0
11629,0
11630,0
11631,0
11632,0
11633,2
11634,0
11635,0
11636,0
11637,0
11638,0
11639,0
11640,0
11641,0
11642,0
11643,0
11644,0
11645,0
11646,0
11647,0
11648,0
11649,0
11650,0
11651,0
11652,0
11653,0
11654,0
11655,0
11656,0
11657,0
11658,0
11659,0
11660,0
11661,0
11662,0
11663,0
11664,0
11665,0
11666,0
11667,0
11668,0
11669,2
11670,2
11671,0
11672,0
11673,0
11674,1
11675,0
11676,0
11677,2
11678,2
11679,2
11680,0
11681,0
11682,0
11683,0
11684,0
11685,0
11686,0
11687,0
11688,0
11689,0
11690,2
11691,1
11692,0
11693,0
11694,0
11695,0
11696,0
11697,0
11698,0
11699,2
11700,0
11701,0
11702,0
11703,0
11704,0
11705,0
11706,0
11707,0
11708,0
11709,0
11710,0
11711,0
11712,1
11713,0
11714,0
11715,0
11716,0
11717,0
11718,0
11719,0
11720,0
11721,2
11722,0
11723,0
11724,0
11725,0
11726,0
11727,0
11728,0
11729,0
11730,0
11731,0
11732,0
11733,0
11734,0
11735,0
11736,0
11737,0
11738,2
11739,1
11740,0
11741,0
11742,0
11743,2
11744,2
11745,0
11746,0
11747,0
11748,0
11749,0
11750,2
11751,0
11752,0
11753,0
11754,0
11755,1
11756,0
11757,0
11758,0
11759,0
11760,0
11761,0
11762,0
11763,0
11764,0
11765,0
11766,0
11767,2
11768,0
11769,0
11770,2
11771,0
11772,0
11773,2
11774,0
11775,2
11776,0
11777,1
11778,0
11779,0
11780,0
11781,0
11782,0
11783,0
11784,0
11785,0
11786,0
11787,0
11788,0
11789,0
11790,0
11791,0
11792,0
11793,0
11794,0
11795,0
11796,0
11797,0
11798,0
11799,0
11800,0
11801,0
11802,0
11803,0
11804,0
11805,0
11806,2
11807,2
11808,0
11809,0
11810,0
11811,0
11812,0
11813,0
11814,0
11815,2
11816,2
11817,0
11818,0
11819,0
11820,0
11821,0
11822,0
11823,0
11824,0
11825,0
11826,0
11827,0
11828,0
11829,0
11830,0
11831,0
11832,0
11833,0
11834,0
11835,0
11836,0
11837,0
11838,0
11839,0
11840,0
11841,0
11842,0
11843,0
11844,0
11845,0
11846,0
11847,0
11848,0
11849,1
11850,0
11851,0
11852,0
11853,0
11854,0
11855,0
11856,0
11857,0
11858,0
11859,0
11860,0
11861,0
11862,0
11863,0
11864,0
11865,0
11866,0
11867,0
11868,0
11869,0
11870,0
11871,0
11872,0
11873,0
11874,0
11875,2
11876,0
11877,0
11878,0
11879,0
11880,0
11881,0
11882,0
11883,0
11884,0
11885,0
11886,0
11887,0
11888,0
11889,0
11890,0
11891,0
11892,0
11893,0
11894,0
11895,0
11896,0
11897,0
11898,0
11899,0
11900,0
11901,0
11902,0
11903,0
11904,2
11905,0
11906,0
11907,2
11908,0
11909,0
11910,0
11911,0
11912,2
11913,0
11914,0
11915,0
11916,0
11917,0
11918,0
11919,0
11920,0
11921,0
11922,0
11923,0
11924,0
11925,0
11926,0
11927,0
11928,0
11929,0
11930,0
11931,0
11932,0
11933,0
11934,0
11935,0
11936,0
11937,0
11938,0
11939,0
11940,0
11941,0
11942,0
11943,2
11944,2
11945,0
11946,0
11947,0
11948,0
11949,0
11950,0
11951,0
11952,2
11953,2
11954,0
11955,0
11956,0
11957,0
11958,0
11959,0
11960,0
11961,0
11962,0
11963,0
11964,0
11965,0
11966,0
11967,0
11968,0
11969,0
11970,0
11971,0
11972,0
11973,0
11974,0
11975,0
11976,0
11977,0
11978,0
11979,0
11980,0
11981,0
11982,0
11983,0
11984,0
11985,0
11986,0
11987,0
11988,0
11989,0
11990,0
11991,0
11992,0
11993,0
11994,0
11995,0
11996,0
11997,0
11998,0
11999,0
12000,0
12001,0
12002,0
12003,0
12004,0
12005,0
12006,0
12007,0
12008,0
12009,0
12010,0
12011,0
12012,2
12013,0
12014,0
12015,0
12016,0
12017,0
12018,2
12019,0
12020,0
12021,0
12022,0
12023,0
12024,0
12025,0
12026,0
12027,0
12028,0
12029,0
12030,0
12031,0
12032,0
12033,0
12034,0
12035,0
12036,0
12037,0
12038,0
12039,0
12040,0
12041,2
12042,0
12043,0
12044,2
12045,0
12046,0
12047,0
12048,0
12049,2
12050,0
12051,0
12052,0
12053,0
12054,0
12055,0
12056,0
12057,0
12058,0
12059,0
12060,0
12061,0
12062,0
12063,0
12064,0
12065,0
12066,0
12067,0
12068,0
12069,0
12070,0
12071,0
12072,0
12073,0
12074,0
12075,0
12076,0
12077,0
12078,0
12079,0
12080,2
12081,2
12082,0
12083,0
12084,0
12085,0
12086,0
12087,0
12088,0
12089,2
12090,2
12091,0
12092,0
12093,0
12094,0
12095,0
12096,0
12097,0
12098,0
12099,0
12100,0
12101,0
12102,0
12103,0
12104,0
12105,0
12106,0
12107,0
12108,0
12109,0
12110,0
12111,0
12112,0
12113,0
12114,0
12115,0
12116,0
12117,0
12118,0
12119,0
12120,0
12121,0
12122,0
12123,1
12124,0
12125,0
12126,0
12127,0
12128,0
12129,0
12130,0
12131,0
12132,0
12133,0
12134,0
12135,0
12136,0
12137,0
12138,0
12139,0
12140,0
12141,0
12142,0
12143,0
12144,0
12145,0
12146,0
12147,0
12148,0
12149,2
12150,0
12151,0
12152,0
12153,0
12154,0
12155,0
12156,0
12157,0
12158,0
12159,0
12160,0
12161,0
12162,0
12163,0
12164,0
12165,0
12166,0
12167,0
12168,0
12169,0
12170,0
12171,0
12172,0
12173,0
12174,0
12175,0
12176,0
12177,0
12178,0
12179,0
12180,0
12181,2
12182,0
12183,0
12184,0
12185,0
12186,2
12187,0
12188,0
12189,0
12190,0
12191,0
12192,0
12193,0
12194,0
12195,0
12196,0
12197,0
12198,0
12199,0
12200,0
12201,0
12202,0
12203,0
12204,0
12205,0
12206,0
12207,0
12208,0
12209,0
12210,0
12211,0
12212,0
12213,0
12214,0
12215,0
12216,0
12217,2
12218,2
12219,0
12220,0
12221,0
12222,0
12223,0
12224,0
12225,2
12226,2
12227,2
12228,0
12229,0
12230,0
12231,0
12232,0
12233,0
12234,0
12235,0
12236,0
12237,0
12238,0
12239,0
12240,0
12241,0
12242,0
12243,0
12244,0
12245,0
12246,0
12247,0
12248,0
12249,0
12250,0
12251,0
12252,0
12253,0
12254,0
12255,0
12256,0
12257,0
12258,0
12259,0
12260,2
12261,0
12262,0
12263,0
12264,0
12265,0
12266,0
12267,0
12268,0
12269,0
12270,0
12271,0
12272,0
12273,0
12274,0
12275,0
12276,0
12277,0
12278,0
12279,0
12280,0
12281,0
12282,0
12283,0
12284,0
12285,0
12286,2
12287,0
12288,0
12289,0
12290,0
12291,0
12292,0
12293,0
12294,0
12295,0
12296,0
12297,2
12298,2
12299,0
12300,0
12301,0
12302,0
12303,0
12304,0
12305,0
12306,0
12307,0
12308,0
12309,0
12310,0
12311,0
12312,0
12313,0
12314,0
12315,2
12316,0
12317,0
12318,2
12319,0
12320,0
12321,0
12322,0
12323,2
12324,0
12325,0
12326,0
12327,0
12328,0
12329,0
12330,0
12331,0
12332,0
12333,0
12334,0
12335,0
12336,0
12337,0
12338,0
12339,0
12340,0
12341,0
12342,0
12343,0
12344,0
12345,0
12346,0
12347,0
12348,0
12349,0
12350,0
12351,0
12352,0
12353,0
12354,2
12355,2
12356,0
12357,0
12358,0
12359,0
12360,0
12361,0
12362,2
12363,2
12364,2
12365,0
12366,0
12367,0
12368,0
12369,0
12370,0
12371,0
12372,0
12373,0
12374,0
12375,0
12376,0
12377,0
12378,0
12379,0
12380,0
12381,0
12382,0
12383,0
12384,0
12385,0
12386,0
12387,0
12388,0
12389,0
12390,0
12391,0
12392,0
12393,0
12394,0
12395,0
12396,0
12397,0
12398,0
12399,0
12400,0
12401,0
12402,0
12403,0
12404,0
12405,0
12406,0
12407,0
12408,0
12409,0
12410,0
12411,0
12412,0
12413,0
12414,0
12415,0
12416,0
12417,0
12418,0
12419,0
12420,0
12421,0
12422,0
12423,2
12424,0
12425,0
12426,0
12427,0
12428,0
12429,0
12430,0
12431,0
12432,0
12433,0
12434,0
12435,2
12436,0
12437,0
12438,0
12439,0
12440,0
12441,0
12442,0
12443,0
12444,0
12445,0
12446,0
12447,0
12448,0
12449,0
12450,0
12451,0
12452,0
12453,0
12454,0
12455,2
12456,0
12457,0
12458,2
12459,0
12460,0
12461,0
12462,0
12463,0
12464,0
12465,0
12466,0
12467,0
12468,0
12469,0
12470,0
12471,0
12472,0
12473,0
12474,0
12475,0
12476,0
12477,0
12478,0
12479,0
12480,0
12481,0
12482,0
12483,0
12484,0
12485,0
12486,0
12487,0
12488,0
12489,0
12490,0
12491,2
12492,2
12493,0
12494,0
12495,0
12496,1
12497,0
12498,0
12499,2
12500,2
12501,2
12502,0
12503,0
12504,0
12505,0
12506,0
12507,0
12508,0
12509,0
12510,0
12511,0
12512,2
12513,2
12514,0
12515,0
12516,0
12517,0
12518,0
12519,0
12520,0
12521,0
12522,0
12523,0
12524,0
12525,0
12526,0
12527,0
12528,0
12529,0
12530,0
12531,2
12532,0
12533,2
12534,1
12535,0
12536,0
12537,0
12538,0
12539,0
12540,0
12541,0
12542,0
12543,0
12544,0
12545,0
12546,0
12547,0
12548,0
12549,0
12550,0
12551,0
12552,0
12553,2
12554,0
12555,0
12556,2
12557,0
12558,0
12559,0
12560,2
12561,2
12562,0
12563,0
12564,0
12565,0
12566,0
12567,0
12568,0
12569,1
12570,0
12571,2
12572,2
12573,0
12574,0
12575,0
12576,0
12577,1
12578,0
12579,0
12580,0
12581,0
12582,0
12583,0
12584,0
12585,0
12586,0
12587,0
12588,0
12589,2
12590,0
12591,0
12592,2
12593,0
12594,0
12595,2
12596,2
12597,2
12598,0
12599,1
12600,0
12601,0
12602,0
12603,0
12604,0
12605,0
12606,0
12607,0
12608,0
12609,0
12610,0
12611,0
12612,0
12613,0
12614,0
12615,0
12616,0
12617,0
12618,0
12619,0
12620,0
12621,0
12622,0
12623,0
12624,0
12625,0
12626,0
12627,0
12628,2
12629,2
12630,0
12631,0
12632,0
12633,0
12634,0
12635,0
12636,0
12637,2
12638,2
12639,0
12640,0
12641,0
12642,0
12643,0
12644,0
12645,0
12646,0
12647,0
12648,0
12649,0
12650,0
12651,0
12652,0
12653,0
12654,0
12655,0
12656,0
12657,0
12658,0
12659,0
12660,0
12661,0
12662,0
12663,0
12664,0
12665,0
12666,0
12667,0
12668,0
12669,0
12670,0
12671,0
12672,0
12673,0
12674,0
12675,0
12676,0
12677,0
12678,0
12679,0
12680,0
12681,0
12682,0
12683,0
12684,0
12685,0
12686,0
12687,0
12688,0
12689,0
12690,0
12691,0
12692,0
12693,0
12694,0
12695,0
12696,0
12697,2
12698,0
12699,0
12700,0
12701,0
12702,0
12703,0
12704,0
12705,0
12706,0
12707,0
12708,0
12709,0
12710,0
12711,0
12712,0
12713,0
12714,0
12715,0
12716,0
12717,0
12718,0
12719,0
12720,0
12721,0
12722,0
12723,0
12724,0
12725,0
12726,2
12727,0
12728,0
12729,2
12730,0
12731,0
12732,0
12733,0
12734,2
12735,0
12736,0
12737,0
12738,0
12739,0
12740,0
12741,0
12742,0
12743,0
12744,0
12745,0
12746,0
12747,0
12748,0
12749,0
12750,0
12751,0
12752,0
12753,0
12754,0
12755,0
12756,0
12757,0
12758,0
12759,0
12760,0
12761,0
12762,0
12763,0
12764,0
12765,2
12766,2
12767,0
12768,0
12769,0
12770,1
12771,0
12772,0
12773,0
12774,2
12775,2
12776,0
12777,0
12778,0
12779,0
12780,0
12781,0
12782,0
12783,0
12784,0
12785,0
12786,2
12787,1
12788,0
12789,0
12790,0
12791,0
12792,0
12793,0
12794,0
12795,0
12796,0
12797,1
12798,0
12799,0
12800,0
12801,0
12802,0
12803,0
12804,0
12805,0
12806,0
12807,0
12808,0
12809,0
12810,0
12811,0
12812,0
12813,0
12814,0
12815,0
12816,0
12817,0
12818,0
12819,0
12820,0
12821,0
12822,0
12823,0
12824,0
12825,0
12826,0
12827,0
12828,0
12829,0
12830,0
12831,0
12832,0
12833,0
12834,2
12835,0
12836,0
12837,0
12838,0
12839,1
12840,1
12841,0
12842,0
12843,0
12844,0
12845,0
12846,2
12847,0
12848,0
12849,0
12850,0
12851,1
12852,0
12853,0
12854,0
12855,0
12856,0
12857,0
12858,0
12859,0
12860,0
12861,0
12862,0
12863,2
12864,0
12865,0
12866,2
12867,0
12868,0
12869,2
12870,0
12871,2
12872,0
12873,0
12874,0
12875,0
12876,0
12877,0
12878,0
12879,0
12880,2
12881,2
12882,0
12883,0
12884,0
12885,2
12886,0
12887,0
12888,0
12889,0
12890,0
12891,0
12892,2
12893,0
12894,0
12895,0
12896,0
12897,0
12898,0
12899,0
12900,0
12901,0
12902,2
12903,2
12904,2
12905,2
12906,0
12907,0
12908,0
12909,0
12910,0
12911,2
12912,2
12913,0
12914,0
12915,0
12916,0
12917,0
12918,0
12919,0
12920,0
12921,0
12922,0
12923,2
12924,0
12925,0
12926,0
12927,0
12928,0
12929,0
12930,0
12931,0
12932,2
12933,2
12934,0
12935,0
12936,0
12937,0
12938,0
12939,0
12940,0
12941,0
12942,0
12943,0
12944,0
12945,0
12946,0
12947,0
12948,0
12949,0
12950,0
12951,0
12952,2
12953,0
12954,0
12955,0
12956,0
12957,0
12958,0
12959,2
12960,0
12961,0
12962,0
12963,0
12964,0
12965,0
12966,0
12967,0
12968,0
12969,0
12970,0
12971,2
12972,0
12973,0
12974,0
12975,0
12976,2
12977,2
12978,0
12979,0
12980,0
12981,0
12982,0
12983,2
12984,0
12985,0
12986,2
12987,0
12988,0
12989,0
12990,0
12991,0
12992,0
12993,0
12994,0
12995,0
12996,0
12997,0
12998,0
12999,0
13000,2
13001,0
13002,0
13003,2
13004,0
13005,0
13006,0
13007,0
13008,0
13009,0
13010,0
13011,0
13012,0
13013,0
13014,0
13015,0
13016,0
13017,0
13018,0
13019,0
13020,0
13021,0
13022,0
13023,0
13024,0
13025,0
13026,0
13027,0
13028,0
13029,0
13030,0
13031,0
13032,0
13033,0
13034,0
13035,0
13036,0
13037,0
13038,0
13039,2
13040,2
13041,0
13042,0
13043,0
13044,1
13045,0
13046,0
13047,0
13048,2
13049,2
13050,0
13051,0
13052,0
13053,0
13054,0
13055,0
13056,0
13057,0
13058,0
13059,0
13060,0
13061,0
13062,0
13063,0
13064,0
13065,0
13066,0
13067,0
13068,0
13069,0
13070,0
13071,0
13072,0
13073,0
13074,0
13075,0
13076,0
13077,0
13078,0
13079,0
13080,0
13081,0
13082,1
13083,0
13084,0
13085,0
13086,0
13087,0
13088,0
13089,0
13090,0
13091,0
13092,0
13093,0
13094,0
13095,0
13096,0
13097,0
13098,0
13099,0
13100,0
13101,0
13102,0
13103,0
13104,0
13105,0
13106,0
13107,0
13108,2
13109,0
13110,0
13111,0
13112,0
13113,0
13114,2
13115,0
13116,0
13117,0
13118,0
13119,0
13120,2
13121,0
13122,0
13123,0
13124,0
13125,0
13126,0
13127,0
13128,0
13129,0
13130,0
13131,0
13132,0
13133,0
13134,0
13135,0
13136,0
13137,2
13138,0
13139,0
13140,2
13141,0
13142,0
13143,2
13144,0
13145,2
13146,0
13147,0
13148,0
13149,0
13150,0
13151,0
13152,0
13153,0
13154,0
13155,0
13156,0
13157,0
13158,0
13159,0
13160,0
13161,0
13162,0
13163,0
13164,0
13165,0
13166,0
13167,0
13168,0
13169,0
13170,0
13171,0
13172,0
13173,0
13174,0
13175,0
13176,2
13177,2
13178,0
13179,0
13180,0
13181,0
13182,0
13183,0
13184,0
13185,2
13186,2
13187,0
13188,0
13189,0
13190,0
13191,0
13192,0
13193,0
13194,0
13195,0
13196,0
13197,0
13198,0
13199,0
13200,0
13201,0
13202,0
13203,0
13204,0
13205,0
13206,0
13207,0
13208,0
13209,0
13210,0
13211,0
13212,0
13213,0
13214,0
13215,0
13216,0
13217,0
13218,0
13219,0
13220,0
13221,0
13222,0
13223,0
13224,0
13225,0
13226,0
13227,0
13228,0
13229,0
13230,0
13231,0
13232,0
13233,0
13234,0
13235,0
13236,0
13237,0
13238,0
13239,0
13240,0
13241,0
13242,0
13243,0
13244,0
13245,2
13246,0
13247,0
13248,0
13249,0
13250,0
13251,0
13252,0
13253,0
13254,0
13255,0
13256,0
13257,0
13258,0
13259,0
13260,0
13261,0
13262,0
13263,0
13264,0
13265,0
13266,0
13267,0
13268,0
13269,0
13270,0
13271,0
13272,0
13273,0
13274,2
13275,0
13276,0
13277,1
13278,0
13279,0
13280,0
13281,0
13282,2
13283,0
13284,0
13285,0
13286,0
13287,0
13288,0
13289,0
13290,0
13291,0
13292,0
13293,0
13294,0
13295,0
13296,0
13297,0
13298,0
13299,0
13300,0
13301,0
13302,0
13303,0
13304,0
13305,0
13306,0
13307,0
13308,0
13309,0
13310,0
13311,0
13312,0
13313,2
13314,2
13315,0
13316,0
13317,0
13318,1
13319,0
13320,0
13321,0
13322,2
13323,2
13324,0
13325,0
13326,0
13327,0
13328,0
13329,0
13330,0
13331,0
13332,0
13333,0
13334,1
13335,0
13336,0
13337,0
13338,0
13339,0
13340,0
13341,0
13342,0
13343,0
13344,0
13345,0
13346,0
13347,0
13348,0
13349,0
13350,0
13351,0
13352,0
13353,0
13354,0
13355,0
13356,0
13357,0
13358,0
13359,0
13360,0
13361,0
13362,0
13363,0
13364,0
13365,0
13366,0
13367,0
13368,0
13369,0
13370,0
13371,0
13372,0
13373,0
13374,0
13375,0
13376,0
13377,0
13378,0
13379,0
13380,0
13381,0
13382,2
13383,0
13384,0
13385,0
13386,0
13387,2
13388,2
13389,0
13390,0
13391,0
13392,0
13393,0
13394,2
13395,0
13396,0
13397,0
13398,0
13399,0
13400,0
13401,0
13402,0
13403,0
13404,0
13405,0
13406,0
13407,0
13408,0
13409,0
13410,0
13411,2
13412,0
13413,0
13414,1
13415,0
13416,0
13417,0
13418,0
13419,2
13420,0
13421,1
13422,0
13423,0
13424,0
13425,0
13426,0
13427,0
13428,0
13429,0
13430,0
13431,0
13432,0
13433,0
13434,0
13435,0
13436,0
13437,0
13438,0
13439,0
13440,0
13441,0
13442,0
13443,0
13444,0
13445,0
13446,0
13447,0
13448,0
13449,0
13450,2
13451,2
13452,0
13453,2
13454,0
13455,2
13456,0
13457,0
13458,2
13459,2
13460,2
13461,0
13462,0
13463,0
13464,0
13465,0
13466,0
13467,0
13468,0
13469,0
13470,2
13471,2
13472,1
13473,0
13474,1
13475,0
13476,0
13477,0
13478,0
13479,0
13480,2
13481,0
13482,2
13483,0
13484,0
13485,0
13486,0
13487,0
13488,0
13489,0
13490,1
13491,0
13492,1
13493,1
13494,0
13495,0
13496,0
13497,0
13498,0
13499,0
13500,0
13501,0
13502,2
13503,2
13504,0
13505,2
13506,0
13507,0
13508,0
13509,0
13510,0
13511,0
13512,1
13513,0
13514,0
13515,1
13516,0
13517,0
13518,0
13519,2
13520,1
13521,0
13522,1
13523,0
13524,2
13525,2
13526,0
13527,0
13528,1
13529,0
13530,1
13531,2
13532,0
13533,0
13534,0
13535,0
13536,2
13537,0
13538,0
13539,0
13540,0
13541,0
13542,0
13543,0
13544,0
13545,0
13546,0
13547,0
13548,2
13549,0
13550,0
13551,2
13552,0
13553,0
13554,1
13555,2
13556,2
13557,0
13558,0
13559,0
13560,0
13561,0
13562,0
13563,0
13564,0
13565,0
13566,0
13567,0
13568,0
13569,0
13570,0
13571,0
13572,0
13573,0
13574,0
13575,0
13576,0
13577,0
13578,0
13579,0
13580,0
13581,0
13582,0
13583,0
13584,0
13585,0
13586,0
13587,2
13588,2
13589,0
13590,1
13591,0
13592,1
13593,0
13594,0
13595,2
13596,2
13597,2
13598,0
13599,0
13600,0
13601,0
13602,0
13603,0
13604,0
13605,0
13606,0
13607,0
13608,2
13609,2
13610,0
13611,0
13612,0
13613,0
13614,0
13615,0
13616,0
13617,0
13618,0
13619,1
13620,0
13621,0
13622,0
13623,0
13624,0
13625,0
13626,0
13627,2
13628,0
13629,2
13630,1
13631,0
13632,0
13633,0
13634,0
13635,0
13636,0
13637,0
13638,0
13639,2
13640,0
13641,0
13642,1
13643,0
13644,0
13645,0
13646,0
13647,0
13648,0
13649,2
13650,0
13651,0
13652,2
13653,0
13654,0
13655,0
13656,2
13657,2
13658,0
13659,0
13660,0
13661,0
13662,2
13663,0
13664,0
13665,2
13666,1
13667,2
13668,2
13669,0
13670,0
13671,0
13672,0
13673,1
13674,0
13675,0
13676,0
13677,0
13678,0
13679,0
13680,0
13681,0
13682,0
13683,0
13684,0
13685,2
13686,0
13687,0
13688,2
13689,0
13690,0
13691,2
13692,2
13693,2
13694,0
13695,1
13696,0
13697,0
13698,0
13699,0
13700,0
13701,0
13702,0
13703,0
13704,0
13705,0
13706,0
13707,0
13708,0
13709,0
13710,0
13711,0
13712,0
13713,0
13714,0
13715,0
13716,0
13717,0
13718,0
13719,0
13720,0
13721,0
13722,0
13723,0
13724,0
13725,2
13726,0
13727,0
13728,0
13729,0
13730,0
13731,0
13732,0
13733,2
13734,2
13735,0
13736,0
13737,0
13738,0
13739,0
13740,0
13741,0
13742,0
13743,0
13744,0
13745,0
13746,0
13747,0
13748,0
13749,0
13750,0
13751,0
13752,0
13753,0
13754,0
13755,0
13756,0
13757,0
13758,0
13759,0
13760,0
13761,0
13762,0
13763,0
13764,0
13765,0
13766,0
13767,0
13768,0
13769,0
13770,0
13771,0
13772,0
13773,0
13774,0
13775,0
13776,0
13777,0
13778,0
13779,0
13780,0
13781,0
13782,0
13783,0
13784,0
13785,0
13786,0
13787,0
13788,0
13789,0
13790,0
13791,0
13792,0
13793,2
13794,0
13795,0
13796,0
13797,0
13798,2
13799,0
13800,0
13801,0
13802,0
13803,0
13804,0
13805,0
13806,0
13807,0
13808,0
13809,0
13810,0
13811,0
13812,0
13813,0
13814,0
13815,0
13816,0
13817,0
13818,0
13819,0
13820,0
13821,0
13822,0
13823,0
13824,0
13825,0
13826,0
13827,0
13828,0
13829,0
13830,0
13831,0
13832,0
13833,0
13834,0
13835,0
13836,0
13837,0
13838,0
13839,0
13840,0
13841,0
13842,0
13843,0
13844,0
13845,0
13846,0
13847,0
13848,0
13849,0
13850,0
13851,0
13852,0
13853,0
13854,0
13855,0
13856,0
13857,0
13858,0
13859,0
13860,0
13861,2
13862,2
13863,0
13864,0
13865,0
13866,1
13867,0
13868,0
13869,2
13870,2
13871,2
13872,0
13873,0
13874,0
13875,0
13876,0
13877,0
13878,0
13879,0
13880,0
13881,0
13882,2
13883,2
13884,0
13885,0
13886,0
13887,0
13888,0
13889,0
13890,0
13891,0
13892,0
13893,1
13894,0
13895,0
13896,0
13897,0
13898,0
13899,0
13900,0
13901,2
13902,0
13903,2
13904,1
13905,0
13906,0
13907,0
13908,0
13909,0
13910,0
13911,0
13912,0
13913,2
13914,0
13915,0
13916,1
13917,0
13918,0
13919,0
13920,0
13921,0
13922,0
13923,2
13924,0
13925,0
13926,2
13927,0
13928,0
13929,0
13930,2
13931,2
13932,0
13933,0
13934,0
13935,0
13936,0
13937,0
13938,0
13939,2
13940,1
13941,2
13942,2
13943,0
13944,0
13945,0
13946,0
13947,1
13948,0
13949,0
13950,0
13951,0
13952,0
13953,0
13954,0
13955,0
13956,0
13957,0
13958,0
13959,2
13960,0
13961,0
13962,2
13963,0
13964,0
13965,2
13966,2
13967,2
13968,0
13969,1
13970,0
13971,0
13972,0
13973,0
13974,0
13975,0
13976,0
13977,0
13978,0
13979,0
13980,0
13981,0
13982,0
13983,0
13984,0
13985,0
13986,0
13987,0
13988,0
13989,0
13990,0
13991,0
13992,0
13993,0
13994,0
13995,0
13996,0
13997,0
13998,2
13999,2
14000,0
14001,0
14002,0
14003,0
14004,0
14005,0
14006,0
14007,2
14008,2
14009,0
14010,0
14011,0
14012,0
14013,0
14014,0
14015,0
14016,0
14017,0
14018,0
14019,0
14020,0
14021,0
14022,0
14023,0
14024,0
14025,0
14026,0
14027,0
14028,0
14029,0
14030,0
14031,0
14032,0
14033,0
14034,0
14035,0
14036,0
14037,0
14038,0
14039,0
14040,0
14041,0
14042,0
14043,0
14044,0
14045,0
14046,0
14047,0
14048,0
14049,0
14050,0
14051,0
14052,0
14053,0
14054,0
14055,0
14056,0
14057,0
14058,0
14059,0
14060,0
14061,0
14062,0
14063,0
14064,0
14065,0
14066,0
14067,2
14068,0
14069,0
14070,0
14071,0
14072,0
14073,0
14074,0
14075,0
14076,0
14077,0
14078,0
14079,0
14080,0
14081,0
14082,0
14083,0
14084,0
14085,0
14086,0
14087,0
14088,0
14089,0
14090,0
14091,0
14092,0
14093,0
14094,0
14095,0
14096,0
14097,0
14098,0
14099,2
14100,0
14101,0
14102,0
14103,0
14104,0
14105,0
14106,0
14107,0
14108,0
14109,0
14110,0
14111,0
14112,0
14113,0
14114,0
14115,0
14116,0
14117,0
14118,0
14119,0
14120,0
14121,0
14122,0
14123,0
14124,0
14125,0
14126,0
14127,0
14128,0
14129,0
14130,0
14131,0
14132,0
14133,0
14134,0
14135,2
14136,2
14137,0
14138,0
14139,0
14140,1
14141,0
14142,0
14143,2
14144,2
14145,2
14146,0
14147,0
14148,0
14149,0
14150,0
14151,0
14152,0
14153,0
14154,0
14155,0
14156,1
14157,0
14158,0
14159,0
14160,0
14161,0
14162,0
14163,0
14164,0
14165,0
14166,0
14167,0
14168,0
14169,0
14170,0
14171,0
14172,0
14173,0
14174,0
14175,0
14176,0
14177,0
14178,1
14179,0
14180,0
14181,0
14182,0
14183,0
14184,0
14185,0
14186,0
14187,2
14188,0
14189,0
14190,0
14191,0
14192,0
14193,0
14194,0
14195,0
14196,0
14197,0
14198,0
14199,0
14200,0
14201,0
14202,0
14203,0
14204,2
14205,0
14206,0
14207,0
14208,0
14209,0
14210,2
14211,0
14212,0
14213,0
14214,0
14215,0
14216,0
14217,0
14218,0
14219,0
14220,0
14221,1
14222,0
14223,0
14224,0
14225,0
14226,0
14227,0
14228,0
14229,0
14230,0
14231,0
14232,0
14233,2
14234,0
14235,0
14236,2
14237,0
14238,0
14239,0
14240,0
14241,2
14242,0
14243,0
14244,0
14245,0
14246,0
14247,0
14248,0
14249,0
14250,0
14251,0
14252,0
14253,0
14254,0
14255,0
14256,0
14257,0
14258,0
14259,0
14260,0
14261,0
14262,0
14263,0
14264,0
14265,0
14266,0
14267,0
14268,0
14269,0
14270,0
14271,0
14272,2
14273,2
14274,0
14275,0
14276,0
14277,0
14278,0
14279,0
14280,2
14281,2
14282,2
14283,0
14284,0
14285,0
14286,0
14287,0
14288,0
14289,0
14290,0
14291,0
14292,0
14293,1
14294,0
14295,0
14296,0
14297,0
14298,0
14299,0
14300,0
14301,0
14302,0
14303,0
14304,0
14305,0
14306,0
14307,0
14308,0
14309,0
14310,0
14311,0
14312,0
14313,0
14314,0
14315,1
14316,0
14317,0
14318,0
14319,0
14320,0
14321,0
14322,0
14323,0
14324,0
14325,0
14326,0
14327,0
14328,0
14329,0
14330,0
14331,0
14332,0
14333,0
14334,2
14335,0
14336,0
14337,0
14338,0
14339,0
14340,0
14341,2
14342,2
14343,0
14344,0
14345,0
14346,0
14347,0
14348,0
14349,0
14350,0
14351,0
14352,0
14353,2
14354,0
14355,0
14356,0
14357,0
14358,0
14359,0
14360,0
14361,0
14362,0
14363,0
14364,0
14365,0
14366,0
14367,0
14368,0
14369,0
14370,0
14371,0
14372,0
14373,2
14374,0
14375,0
14376,2
14377,0
14378,2
14379,0
14380,0
14381,0
14382,0
14383,0
14384,0
14385,0
14386,0
14387,0
14388,0
14389,0
14390,0
14391,0
14392,0
14393,0
14394,0
14395,0
14396,0
14397,0
14398,0
14399,0
14400,0
14401,0
14402,0
14403,0
14404,0
14405,0
14406,0
14407,0
14408,0
14409,2
14410,2
14411,0
14412,1
14413,0
14414,1
14415,0
14416,0
14417,2
14418,2
14419,2
14420,0
14421,0
14422,0
14423,0
14424,0
14425,0
14426,0
14427,0
14428,0
14429,2
14430,1
14431,1
14432,0
14433,0
14434,0
14435,0
14436,0
14437,0
14438,0
14439,0
14440,0
14441,1
14442,0
14443,0
14444,0
14445,0
14446,0
14447,0
14448,0
14449,0
14450,0
14451,0
14452,1
14453,0
14454,0
14455,0
14456,0
14457,0
14458,0
14459,0
14460,0
14461,2
14462,0
14463,0
14464,0
14465,0
14466,0
14467,0
14468,0
14469,0
14470,0
14471,2
14472,0
14473,0
14474,2
14475,0
14476,0
14477,0
14478,2
14479,2
14480,0
14481,0
14482,0
14483,1
14484,2
14485,0
14486,0
14487,2
14488,0
14489,0
14490,2
14491,0
14492,0
14493,0
14494,0
14495,1
14496,0
14497,0
14498,0
14499,0
14500,0
14501,0
14502,0
14503,0
14504,0
14505,0
14506,0
14507,2
14508,0
14509,0
14510,2
14511,0
14512,0
14513,2
14514,2
14515,2
14516,0
14517,2
14518,0
14519,0
14520,0
14521,0
14522,0
14523,0
14524,0
14525,0
14526,0
14527,0
14528,0
14529,0
14530,0
14531,0
14532,0
14533,0
14534,0
14535,0
14536,0
14537,0
14538,0
14539,0
14540,0
14541,0
14542,0
14543,0
14544,0
14545,0
14546,2
14547,2
14548,0
14549,0
14550,0
14551,0
14552,0
14553,0
14554,0
14555,2
14556,2
14557,0
14558,0
14559,0
14560,0
14561,0
14562,0
14563,0
14564,0
14565,0
14566,0
14567,2
14568,2
14569,0
14570,0
14571,0
14572,0
14573,0
14574,0
14575,0
14576,0
14577,0
14578,0
14579,0
14580,0
14581,0
14582,0
14583,0
14584,0
14585,0
14586,0
14587,0
14588,1
14589,1
14590,0
14591,0
14592,0
14593,0
14594,0
14595,0
14596,0
14597,0
14598,0
14599,0
14600,0
14601,0
14602,0
14603,0
14604,0
14605,0
14606,0
14607,0
14608,0
14609,0
14610,0
14611,2
14612,0
14613,0
14614,0
14615,2
14616,0
14617,0
14618,0
14619,0
14620,0
14621,0
14622,0
14623,0
14624,2
14625,0
14626,0
14627,0
14628,0
14629,0
14630,0
14631,0
14632,2
14633,0
14634,0
14635,0
14636,0
14637,0
14638,0
14639,0
14640,0
14641,0
14642,0
14643,0
14644,2
14645,0
14646,0
14647,2
14648,0
14649,0
14650,0
14651,0
14652,0
14653,0
14654,0
14655,0
14656,0
14657,0
14658,0
14659,0
14660,0
14661,0
14662,0
14663,0
14664,0
14665,0
14666,0
14667,0
14668,0
14669,0
14670,0
14671,0
14672,0
14673,0
14674,0
14675,0
14676,0
14677,0
14678,0
14679,0
14680,0
14681,0
14682,0
14683,2
14684,2
14685,2
14686,2
14687,0
14688,2
14689,0
14690,0
14691,2
14692,2
14693,2
14694,0
14695,0
14696,0
14697,0
14698,0
14699,0
14700,0
14701,0
14702,0
14703,2
14704,2
14705,1
14706,0
14707,0
14708,0
14709,0
14710,0
14711,0
14712,2
14713,2
14714,0
14715,1
14716,0
14717,1
14718,1
14719,0
14720,0
14721,0
14722,0
14723,1
14724,0
14725,1
14726,1
14727,0
14728,1
14729,0
14730,0
14731,0
14732,0
14733,1
14734,0
14735,2
14736,2
14737,0
14738,2
14739,0
14740,1
14741,1
14742,0
14743,0
14744,0
14745,1
14746,0
14747,0
14748,1
14749,0
14750,0
14751,0
14752,2
14753,2
14754,0
14755,1
14756,0
14757,2
14758,2
14759,1
14760,0
14761,1
14762,1
14763,2
14764,2
14765,0
14766,1
14767,0
14768,0
14769,2
14770,0
14771,0
14772,0
14773,0
14774,0
14775,0
14776,0
14777,0
14778,0
14779,0
14780,0
14781,2
14782,0
14783,0
14784,2
14785,0
14786,0
14787,2
14788,2
14789,2
14790,0
14791,1
14792,0
14793,0
14794,0
14795,0
14796,0
14797,0
14798,0
14799,0
14800,0
14801,0
14802,0
14803,0
14804,0
14805,0
14806,0
14807,0
14808,0
14809,0
14810,0
14811,0
14812,0
14813,0
14814,0
14815,0
14816,0
14817,0
14818,0
14819,0
14820,2
14821,2
14822,0
14823,2
14824,0
14825,1
14826,0
14827,0
14828,2
14829,2
14830,2
14831,2
14832,0
14833,0
14834,0
14835,0
14836,0
14837,0
14838,0
14839,0
14840,2
14841,2
14842,1
14843,0
14844,1
14845,0
14846,0
14847,0
14848,0
14849,0
14850,2
14851,0
14852,2
14853,0
14854,0
14855,0
14856,0
14857,0
14858,0
14859,0
14860,0
14861,0
14862,1
14863,1
14864,0
14865,0
14866,0
14867,0
14868,0
14869,0
14870,2
14871,0
14872,2
14873,0
14874,0
14875,0
14876,0
14877,0
14878,0
14879,0
14880,0
14881,0
14882,2
14883,0
14884,0
14885,2
14886,0
14887,0
14888,0
14889,2
14890,2
14891,0
14892,0
14893,0
14894,2
14895,2
14896,0
14897,0
14898,1
14899,0
14900,2
14901,2
14902,0
14903,0
14904,0
14905,0
14906,1
14907,0
14908,1
14909,0
14910,0
14911,0
14912,0
14913,0
14914,0
14915,0
14916,0
14917,0
14918,2
14919,0
14920,0
14921,2
14922,0
14923,0
14924,2
14925,2
14926,2
14927,0
14928,1
14929,0
14930,0
14931,0
14932,0
14933,0
14934,0
14935,0
14936,0
14937,0
14938,0
14939,0
14940,0
14941,0
14942,0
14943,0
14944,0
14945,0
14946,0
14947,0
14948,0
14949,0
14950,0
14951,0
14952,0
14953,0
14954,0
14955,0
14956,0
14957,2
14958,2
14959,0
14960,0
14961,0
14962,1
14963,0
14964,0
14965,0
14966,2
14967,2
14968,0
14969,0
14970,0
14971,0
14972,0
14973,0
14974,0
14975,0
14976,0
14977,0
14978,1
14979,1
14980,0
14981,0
14982,0
14983,0
14984,0
14985,0
14986,0
14987,0
14988,0
14989,0
14990,0
14991,0
14992,0
14993,0
14994,0
14995,0
14996,0
14997,0
14998,0
14999,0
15000,1
15001,0
15002,0
15003,0
15004,0
15005,0
15006,0
15007,0
15008,0
15009,0
15010,0
15011,0
15012,0
15013,0
15014,0
15015,0
15016,0
15017,0
15018,0
15019,0
15020,0
15021,0
15022,0
15023,0
15024,0
15025,0
15026,2
15027,0
15028,0
15029,0
15030,0
15031,0
15032,2
15033,0
15034,0
15035,0
15036,0
15037,0
15038,2
15039,0
15040,0
15041,0
15042,0
15043,1
15044,0
15045,0
15046,0
15047,0
15048,0
15049,0
15050,0
15051,0
15052,0
15053,0
15054,0
15055,2
15056,0
15057,0
15058,2
15059,0
15060,0
15061,2
15062,0
15063,2
15064,0
15065,0
15066,0
15067,0
15068,0
15069,0
15070,0
15071,0
15072,0
15073,0
15074,0
15075,0
15076,0
15077,0
15078,0
15079,0
15080,0
15081,0
15082,0
15083,0
15084,0
15085,0
15086,0
15087,0
15088,0
15089,0
15090,0
15091,0
15092,0
15093,0
15094,2
15095,2
15096,0
15097,0
15098,0
15099,0
15100,0
15101,0
15102,0
15103,2
15104,2
15105,0
15106,0
15107,0
15108,0
15109,0
15110,0
15111,0
15112,0
15113,0
15114,0
15115,0
15116,0
15117,0
15118,0
15119,0
15120,0
15121,0
15122,0
15123,0
15124,0
15125,0
15126,0
15127,0
15128,0
15129,0
15130,0
15131,0
15132,0
15133,0
15134,0
15135,0
15136,0
15137,1
15138,0
15139,0
15140,0
15141,0
15142,0
15143,0
15144,0
15145,0
15146,0
15147,0
15148,0
15149,0
15150,0
15151,0
15152,0
15153,0
15154,0
15155,0
15156,0
15157,0
15158,0
15159,0
15160,0
15161,0
15162,0
15163,2
15164,0
15165,0
15166,0
15167,0
15168,0
15169,0
15170,0
15171,0
15172,0
15173,0
15174,0
15175,0
15176,0
15177,0
15178,0
15179,0
15180,0
15181,0
15182,0
15183,0
15184,0
15185,0
15186,0
15187,0
15188,0
15189,0
15190,0
15191,0
15192,2
15193,0
15194,0
15195,2
15196,0
15197,0
15198,0
15199,0
15200,2
15201,0
15202,0
15203,0
15204,0
15205,0
15206,0
15207,0
15208,0
15209,0
15210,0
15211,0
15212,0
15213,0
15214,0
15215,0
15216,0
15217,0
15218,0
15219,0
15220,0
15221,0
15222,0
15223,0
15224,0
15225,0
15226,0
15227,0
15228,0
15229,0
15230,0
15231,2
15232,2
15233,0
15234,0
15235,0
15236,1
15237,0
15238,0
15239,2
15240,2
15241,2
15242,0
15243,0
15244,0
15245,0
15246,0
15247,0
15248,0
15249,0
15250,0
15251,0
15252,2
15253,0
15254,0
15255,0
15256,0
15257,0
15258,0
15259,0
15260,0
15261,2
15262,0
15263,0
15264,0
15265,0
15266,0
15267,0
15268,0
15269,0
15270,0
15271,0
15272,0
15273,0
15274,1
15275,0
15276,0
15277,0
15278,0
15279,0
15280,0
15281,0
15282,0
15283,0
15284,0
15285,0
15286,0
15287,0
15288,0
15289,0
15290,0
15291,0
15292,0
15293,0
15294,0
15295,0
15296,0
15297,0
15298,0
15299,0
15300,2
15301,2
15302,0
15303,0
15304,0
15305,0
15306,2
15307,0
15308,0
15309,0
15310,0
15311,0
15312,2
15313,0
15314,0
15315,0
15316,0
15317,2
15318,0
15319,0
15320,0
15321,0
15322,0
15323,0
15324,0
15325,0
15326,0
15327,0
15328,0
15329,2
15330,0
15331,0
15332,2
15333,0
15334,0
15335,2
15336,0
15337,2
15338,0
15339,0
15340,0
15341,0
15342,0
15343,0
15344,0
15345,0
15346,0
15347,0
15348,0
15349,0
15350,0
15351,0
15352,0
15353,0
15354,0
15355,0
15356,0
15357,0
15358,0
15359,0
15360,0
15361,0
15362,0
15363,0
15364,0
15365,0
15366,0
15367,0
15368,2
15369,2
15370,0
15371,0
15372,0
15373,0
15374,0
15375,0
15376,0
15377,2
15378,2
15379,0
15380,0
15381,0
15382,0
15383,0
15384,0
15385,0
15386,0
15387,0
15388,0
15389,0
15390,0
15391,0
15392,0
15393,0
15394,0
15395,0
15396,0
15397,0
15398,0
15399,0
15400,0
15401,0
15402,0
15403,0
15404,0
15405,0
15406,0
15407,0
15408,0
15409,0
15410,0
15411,0
15412,0
15413,0
15414,0
15415,0
15416,0
15417,0
15418,0
15419,0
15420,0
15421,0
15422,0
15423,0
15424,0
15425,0
15426,0
15427,0
15428,0
15429,0
15430,0
15431,0
15432,0
15433,0
15434,0
15435,0
15436,0
15437,2
15438,0
15439,0
15440,0
15441,0
15442,0
15443,0
15444,0
15445,0
15446,0
15447,0
15448,0
15449,0
15450,0
15451,0
15452,0
15453,0
15454,0
15455,0
15456,0
15457,0
15458,0
15459,0
15460,0
15461,0
15462,0
15463,0
15464,0
15465,0
15466,0
15467,0
15468,0
15469,2
15470,0
15471,0
15472,0
15473,0
15474,0
15475,0
15476,0
15477,0
15478,0
15479,0
15480,0
15481,0
15482,0
15483,0
15484,0
15485,0
15486,0
15487,0
15488,0
15489,0
15490,0
15491,0
15492,0
15493,0
15494,0
15495,0
15496,0
15497,0
15498,0
15499,0
15500,0
15501,0
15502,0
15503,0
15504,0
15505,2
15506,2
15507,0
15508,0
15509,0
15510,0
15511,0
15512,0
15513,0
15514,2
15515,2
15516,0
15517,0
15518,0
15519,0
15520,0
15521,0
15522,0
15523,0
15524,0
15525,0
15526,0
15527,0
15528,0
15529,0
15530,0
15531,0
15532,0
15533,0
15534,0
15535,0
15536,0
15537,0
15538,0
15539,0
15540,0
15541,0
15542,0
15543,0
15544,0
15545,0
15546,0
15547,0
15548,0
15549,0
15550,0
15551,0
15552,0
15553,0
15554,0
15555,0
15556,0
15557,0
15558,0
15559,0
15560,0
15561,0
15562,0
15563,0
15564,0
15565,0
15566,0
15567,0
15568,0
15569,0
15570,0
15571,0
15572,0
15573,0
15574,2
15575,0
15576,0
15577,0
15578,0
15579,0
15580,0
15581,0
15582,0
15583,0
15584,0
15585,0
15586,0
15587,0
15588,0
15589,0
15590,0
15591,0
15592,0
15593,0
15594,0
15595,0
15596,0
15597,0
15598,0
15599,0
15600,0
15601,0
15602,0
15603,2
15604,0
15605,0
15606,2
15607,0
15608,0
15609,0
15610,0
15611,0
15612,0
15613,0
15614,0
15615,0
15616,0
15617,0
15618,0
15619,0
15620,0
15621,0
15622,0
15623,0
15624,0
15625,0
15626,0
15627,0
15628,0
15629,0
15630,0
15631,0
15632,0
15633,0
15634,0
15635,0
15636,0
15637,0
15638,0
15639,0
15640,0
15641,0
15642,2
15643,2
15644,0
15645,0
15646,0
15647,0
15648,0
15649,0
15650,0
15651,2
15652,2
15653,2
15654,0
15655,0
15656,0
15657,0
15658,0
15659,0
15660,0
15661,0
15662,0
15663,1
15664,0
15665,0
15666,0
15667,0
15668,0
15669,0
15670,0
15671,0
15672,0
15673,0
15674,0
15675,0
15676,0
15677,0
15678,0
15679,0
15680,0
15681,0
15682,0
15683,0
15684,0
15685,0
15686,0
15687,0
15688,0
15689,0
15690,0
15691,0
15692,0
15693,0
15694,0
15695,0
15696,0
15697,0
15698,0
15699,0
15700,0
15701,0
15702,0
15703,0
15704,0
15705,0
15706,0
15707,0
15708,0
15709,0
15710,0
15711,2
15712,0
15713,0
15714,0
15715,0
15716,0
15717,2
15718,0
15719,0
15720,0
15721,0
15722,0
15723,2
15724,0
15725,0
15726,0
15727,0
15728,0
15729,0
15730,0
15731,0
15732,0
15733,0
15734,0
15735,0
15736,0
15737,0
15738,0
15739,0
15740,2
15741,0
15742,0
15743,2
15744,0
15745,0
15746,2
15747,0
15748,2
15749,0
15750,0
15751,0
15752,0
15753,0
15754,0
15755,0
15756,0
15757,0
15758,0
15759,0
15760,0
15761,0
15762,0
15763,0
15764,0
15765,0
15766,0
15767,0
15768,0
15769,0
15770,0
15771,0
15772,0
15773,0
15774,0
15775,0
15776,0
15777,0
15778,0
15779,2
15780,2
15781,0
15782,0
15783,0
15784,0
15785,0
15786,0
15787,2
15788,2
15789,2
15790,0
15791,0
15792,0
15793,0
15794,0
15795,0
15796,0
15797,0
15798,0
15799,2
15800,2
15801,2
15802,0
15803,2
15804,0
15805,0
15806,0
15807,0
15808,0
15809,0
15810,0
15811,0
15812,0
15813,0
15814,0
15815,0
15816,0
15817,0
15818,0
15819,2
15820,0
15821,2
15822,1
15823,0
15824,0
15825,0
15826,0
15827,0
15828,0
15829,0
15830,0
15831,0
15832,0
15833,0
15834,0
15835,0
15836,0
15837,0
15838,0
15839,0
15840,0
15841,2
15842,0
15843,0
15844,2
15845,0
15846,0
15847,0
15848,2
15849,2
15850,0
15851,0
15852,0
15853,0
15854,2
15855,0
15856,0
15857,2
15858,0
15859,2
15860,2
15861,0
15862,0
15863,0
15864,0
15865,2
15866,0
15867,0
15868,0
15869,0
15870,0
15871,0
15872,0
15873,0
15874,0
15875,0
15876,0
15877,2
15878,0
15879,0
15880,2
15881,0
15882,0
15883,0
15884,2
15885,2
15886,0
15887,0
15888,0
15889,0
15890,0
15891,0
15892,0
15893,0
15894,0
15895,0
15896,0
15897,0
15898,0
15899,0
15900,0
15901,0
15902,0
15903,0
15904,0
15905,0
15906,0
15907,0
15908,0
15909,0
15910,0
15911,0
15912,0
15913,0
15914,0
15915,0
15916,2
15917,2
15918,0
15919,0
15920,0
15921,1
15922,0
15923,0
15924,0
15925,2
15926,2
15927,0
15928,0
15929,0
15930,0
15931,0
15932,0
15933,0
15934,0
15935,0
15936,0
15937,2
15938,1
15939,0
15940,0
15941,0
15942,0
15943,0
15944,0
15945,0
15946,0
15947,0
15948,0
15949,0
15950,0
15951,0
15952,0
15953,0
15954,0
15955,0
15956,0
15957,0
15958,0
15959,1
15960,0
15961,0
15962,0
15963,0
15964,0
15965,0
15966,0
15967,0
15968,2
15969,0
15970,0
15971,0
15972,0
15973,0
15974,0
15975,0
15976,0
15977,0
15978,0
15979,0
15980,0
15981,0
15982,0
15983,0
15984,0
15985,2
15986,0
15987,0
15988,0
15989,0
15990,0
15991,2
15992,0
15993,0
15994,0
15995,0
15996,0
15997,2
15998,0
15999,0
16000,0
16001,0
16002,1
16003,0
16004,0
16005,0
16006,0
16007,0
16008,0
16009,0
16010,0
16011,0
16012,0
16013,0
16014,2
16015,0
16016,0
16017,2
16018,0
16019,0
16020,2
16021,0
16022,2
16023,0
16024,0
16025,0
16026,0
16027,0
16028,0
16029,0
16030,0
16031,0
16032,0
16033,0
16034,0
16035,0
16036,0
16037,0
16038,0
16039,0
16040,0
16041,0
16042,0
16043,0
16044,0
16045,0
16046,0
16047,0
16048,0
16049,0
16050,0
16051,0
16052,0
16053,2
16054,2
16055,0
16056,0
16057,0
16058,0
16059,0
16060,0
16061,0
16062,2
16063,2
16064,0
16065,0
16066,0
16067,0
16068,0
16069,0
16070,0
16071,0
16072,0
16073,0
16074,0
16075,0
16076,0
16077,0
16078,0
16079,0
16080,0
16081,0
16082,0
16083,0
16084,0
16085,0
16086,0
16087,0
16088,0
16089,0
16090,0
16091,0
16092,0
16093,0
16094,0
16095,0
16096,0
16097,0
16098,0
16099,0
16100,0
16101,0
16102,0
16103,0
16104,0
16105,0
16106,0
16107,0
16108,0
16109,0
16110,0
16111,0
16112,0
16113,0
16114,0
16115,0
16116,0
16117,0
16118,0
16119,0
16120,0
16121,0
16122,2
16123,0
16124,0
16125,0
16126,0
16127,0
16128,0
16129,0
16130,0
16131,0
16132,0
16133,0
16134,0
16135,0
16136,0
16137,0
16138,0
16139,0
16140,0
16141,0
16142,0
16143,0
16144,0
16145,0
16146,0
16147,0
16148,0
16149,0
16150,0
16151,2
16152,0
16153,0
16154,2
16155,0
16156,0
16157,0
16158,0
16159,2
16160,0
16161,0
16162,0
16163,0
16164,0
16165,0
16166,0
16167,0
16168,0
16169,0
16170,0
16171,0
16172,0
16173,0
16174,0
16175,0
16176,0
16177,0
16178,0
16179,0
16180,0
16181,0
16182,0
16183,0
16184,0
16185,0
16186,0
16187,0
16188,0
16189,0
16190,2
16191,2
16192,0
16193,2
16194,0
16195,2
16196,0
16197,0
16198,2
16199,2
16200,2
16201,0
16202,0
16203,0
16204,0
16205,0
16206,0
16207,0
16208,0
16209,0
16210,2
16211,2
16212,2
16213,0
16214,0
16215,0
16216,0
16217,0
16218,0
16219,0
16220,0
16221,0
16222,1
16223,0
16224,1
16225,0
16226,0
16227,0
16228,0
16229,0
16230,2
16231,0
16232,2
16233,1
16234,0
16235,0
16236,0
16237,0
16238,0
16239,0
16240,0
16241,0
16242,2
16243,0
16244,0
16245,2
16246,0
16247,0
16248,0
16249,0
16250,0
16251,0
16252,2
16253,0
16254,0
16255,2
16256,0
16257,0
16258,0
16259,2
16260,2
16261,0
16262,0
16263,0
16264,2
16265,2
16266,0
16267,0
16268,2
16269,1
16270,2
16271,2
16272,0
16273,0
16274,0
16275,0
16276,1
16277,0
16278,0
16279,0
16280,0
16281,2
16282,0
16283,0
16284,0
16285,0
16286,0
16287,0
16288,2
16289,0
16290,0
16291,2
16292,0
16293,0
16294,2
16295,2
16296,2
16297,0
16298,1
16299,0
16300,0
16301,0
16302,0
16303,0
16304,0
16305,0
16306,0
16307,0
16308,0
16309,0
16310,0
16311,0
16312,0
16313,0
16314,0
16315,0
16316,0
16317,0
16318,0
16319,0
16320,0
16321,0
16322,0
16323,0
16324,0
16325,0
16326,0
16327,2
16328,2
16329,0
16330,0
16331,0
16332,0
16333,0
16334,0
16335,2
16336,2
16337,2
16338,0
16339,0
16340,0
16341,0
16342,0
16343,0
16344,0
16345,0
16346,0
16347,0
16348,0
16349,0
16350,0
16351,0
16352,0
16353,0
16354,0
16355,0
16356,0
16357,0
16358,0
16359,0
16360,0
16361,0
16362,0
16363,0
16364,0
16365,0
16366,0
16367,0
16368,0
16369,0
16370,1
16371,0
16372,0
16373,0
16374,0
16375,0
16376,0
16377,0
16378,0
16379,0
16380,0
16381,0
16382,0
16383,0
16384,0
16385,0
16386,0
16387,0
16388,0
16389,0
16390,0
16391,0
16392,0
16393,0
16394,0
16395,0
16396,2
16397,2
16398,0
16399,0
16400,0
16401,0
16402,0
16403,0
16404,0
16405,1
16406,1
16407,0
16408,2
16409,0
16410,0
16411,0
16412,0
16413,2
16414,0
16415,0
16416,0
16417,0
16418,2
16419,0
16420,0
16421,0
16422,0
16423,0
16424,0
16425,2
16426,0
16427,0
16428,2
16429,0
16430,0
16431,2
16432,0
16433,2
16434,0
16435,1
16436,0
16437,0
16438,0
16439,0
16440,0
16441,0
16442,0
16443,0
16444,0
16445,0
16446,0
16447,0
16448,0
16449,0
16450,0
16451,0
16452,0
16453,0
16454,0
16455,0
16456,0
16457,0
16458,0
16459,0
16460,0
16461,0
16462,0
16463,0
16464,2
16465,2
16466,0
16467,0
16468,0
16469,0
16470,0
16471,0
16472,2
16473,2
16474,2
16475,0
16476,0
16477,0
16478,0
16479,0
16480,0
16481,0
16482,0
16483,0
16484,0
16485,0
16486,0
16487,0
16488,0
16489,0
16490,0
16491,0
16492,0
16493,0
16494,0
16495,0
16496,0
16497,0
16498,0
16499,0
16500,0
16501,0
16502,0
16503,0
16504,0
16505,0
16506,0
16507,2
16508,0
16509,0
16510,0
16511,0
16512,0
16513,0
16514,0
16515,0
16516,0
16517,0
16518,0
16519,0
16520,0
16521,0
16522,0
16523,0
16524,0
16525,0
16526,0
16527,0
16528,0
16529,0
16530,0
16531,0
16532,0
16533,2
16534,0
16535,0
16536,0
16537,0
16538,0
16539,0
16540,0
16541,0
16542,0
16543,0
16544,2
16545,0
16546,0
16547,0
16548,0
16549,0
16550,2
16551,0
16552,0
16553,0
16554,0
16555,0
16556,0
16557,0
16558,0
16559,0
16560,0
16561,0
16562,0
16563,0
16564,0
16565,2
16566,0
16567,0
16568,0
16569,0
16570,2
16571,0
16572,0
16573,0
16574,0
16575,0
16576,0
16577,0
16578,0
16579,0
16580,0
16581,0
16582,0
16583,0
16584,0
16585,0
16586,0
16587,0
16588,0
16589,0
16590,0
16591,0
16592,0
16593,0
16594,0
16595,0
16596,0
16597,0
16598,0
16599,0
16600,0
16601,2
16602,2
16603,0
16604,0
16605,0
16606,0
16607,0
16608,0
16609,0
16610,2
16611,2
16612,0
16613,0
16614,0
16615,0
16616,0
16617,0
16618,0
16619,0
16620,0
16621,0
16622,0
16623,0
16624,0
16625,0
16626,0
16627,0
16628,0
16629,0
16630,0
16631,0
16632,0
16633,0
16634,0
16635,0
16636,0
16637,0
16638,0
16639,0
16640,0
16641,0
16642,0
16643,0
16644,1
16645,0
16646,0
16647,0
16648,0
16649,0
16650,0
16651,0
16652,0
16653,0
16654,0
16655,0
16656,0
16657,0
16658,0
16659,0
16660,0
16661,0
16662,0
16663,0
16664,0
16665,0
16666,0
16667,0
16668,0
16669,0
16670,2
16671,0
16672,0
16673,0
16674,0
16675,0
16676,0
16677,0
16678,0
16679,0
16680,0
16681,0
16682,2
16683,0
16684,0
16685,0
16686,0
16687,0
16688,0
16689,0
16690,0
16691,0
16692,0
16693,0
16694,0
16695,0
16696,0
16697,0
16698,0
16699,2
16700,0
16701,0
16702,2
16703,0
16704,0
16705,0
16706,0
16707,2
16708,0
16709,0
16710,0
16711,0
16712,0
16713,0
16714,0
16715,0
16716,0
16717,0
16718,0
16719,0
16720,0
16721,0
16722,0
16723,0
16724,0
16725,0
16726,0
16727,0
16728,0
16729,0
16730,0
16731,0
16732,0
16733,0
16734,0
16735,0
16736,0
16737,0
16738,2
16739,2
16740,0
16741,0
16742,0
16743,0
16744,0
16745,0
16746,0
16747,2
16748,2
16749,0
16750,0
16751,0
16752,0
16753,0
16754,0
16755,0
16756,0
16757,0
16758,0
16759,0
16760,0
16761,0
16762,0
16763,0
16764,0
16765,0
16766,0
16767,0
16768,0
16769,0
16770,0
16771,0
16772,0
16773,0
16774,0
16775,0
16776,0
16777,0
16778,0
16779,0
16780,0
16781,0
16782,0
16783,0
16784,0
16785,0
16786,0
16787,0
16788,0
16789,0
16790,0
16791,0
16792,0
16793,0
16794,0
16795,0
16796,0
16797,0
16798,0
16799,0
16800,0
16801,0
16802,0
16803,0
16804,0
16805,0
16806,0
16807,2
16808,0
16809,0
16810,0
16811,0
16812,0
16813,0
16814,0
16815,0
16816,0
16817,0
16818,0
16819,0
16820,0
16821,0
16822,0
16823,0
16824,0
16825,0
16826,0
16827,0
16828,0
16829,0
16830,0
16831,0
16832,0
16833,0
16834,0
16835,0
16836,0
16837,0
16838,0
16839,2
16840,0
16841,0
16842,0
16843,0
16844,0
16845,0
16846,0
16847,0
16848,0
16849,0
16850,0
16851,0
16852,0
16853,0
16854,0
16855,0
16856,0
16857,0
16858,0
16859,0
16860,0
16861,0
16862,0
16863,0
16864,0
16865,0
16866,0
16867,0
16868,0
16869,0
16870,0
16871,0
16872,0
16873,0
16874,0
16875,2
16876,2
16877,0
16878,2
16879,0
16880,2
16881,0
16882,0
16883,2
16884,2
16885,2
16886,0
16887,0
16888,0
16889,0
16890,0
16891,0
16892,0
16893,0
16894,0
16895,2
16896,2
16897,1
16898,0
16899,0
16900,0
16901,0
16902,0
16903,0
16904,0
16905,2
16906,0
16907,1
16908,0
16909,1
16910,0
16911,0
16912,0
16913,0
16914,0
16915,1
16916,0
16917,0
16918,1
16919,0
16920,0
16921,0
16922,0
16923,0
16924,0
16925,0
16926,0
16927,2
16928,0
16929,0
16930,0
16931,0
16932,0
16933,0
16934,0
16935,0
16936,0
16937,2
16938,0
16939,0
16940,1
16941,0
16942,0
16943,0
16944,2
16945,2
16946,0
16947,0
16948,0
16949,2
16950,2
16951,0
16952,0
16953,1
16954,0
16955,2
16956,2
16957,0
16958,0
16959,0
16960,0
16961,2
16962,0
16963,0
16964,0
16965,0
16966,0
16967,0
16968,0
16969,0
16970,0
16971,0
16972,0
16973,2
16974,0
16975,0
16976,2
16977,0
16978,0
16979,2
16980,2
16981,2
16982,0
16983,1
16984,0
16985,0
16986,0
16987,0
16988,0
16989,0
16990,0
16991,0
16992,0
16993,0
16994,0
16995,0
16996,0
16997,0
16998,0
16999,0
17000,0
17001,0
17002,0
17003,0
17004,0
17005,0
17006,0
17007,0
17008,0
17009,0
17010,0
17011,0
17012,2
17013,2
17014,0
17015,0
17016,0
17017,1
17018,0
17019,0
17020,2
17021,2
17022,2
17023,0
17024,0
17025,0
17026,0
17027,0
17028,0
17029,0
17030,0
17031,0
17032,2
17033,2
17034,2
17035,0
17036,0
17037,0
17038,0
17039,0
17040,0
17041,0
17042,0
17043,0
17044,0
17045,0
17046,0
17047,0
17048,0
17049,0
17050,0
17051,0
17052,0
17053,0
17054,2
17055,2
17056,0
17057,0
17058,0
17059,0
17060,0
17061,0
17062,0
17063,0
17064,0
17065,0
17066,0
17067,0
17068,0
17069,0
17070,0
17071,0
17072,0
17073,0
17074,2
17075,0
17076,0
17077,2
17078,0
17079,0
17080,0
17081,2
17082,2
17083,0
17084,0
17085,0
17086,0
17087,0
17088,0
17089,0
17090,0
17091,0
17092,2
17093,2
17094,0
17095,0
17096,0
17097,0
17098,2
17099,0
17100,0
17101,0
17102,0
17103,2
17104,0
17105,0
17106,0
17107,0
17108,0
17109,0
17110,2
17111,0
17112,0
17113,2
17114,0
17115,0
17116,2
17117,2
17118,2
17119,0
17120,0
17121,0
17122,0
17123,0
17124,0
17125,0
17126,0
17127,0
17128,0
17129,0
17130,0
17131,0
17132,0
17133,0
17134,0
17135,0
17136,0
17137,0
17138,0
17139,0
17140,0
17141,0
17142,0
17143,0
17144,0
17145,0
17146,0
17147,0
17148,0
17149,2
17150,2
17151,0
17152,0
17153,0
17154,0
17155,0
17156,0
17157,0
17158,2
17159,2
17160,0
17161,0
17162,0
17163,0
17164,0
17165,0
17166,0
17167,0
17168,0
17169,0
17170,1
17171,0
17172,0
17173,0
17174,0
17175,0
17176,0
17177,0
17178,0
17179,0
17180,0
17181,0
17182,0
17183,0
17184,0
17185,0
17186,0
17187,0
17188,0
17189,0
17190,0
17191,0
17192,0
17193,0
17194,0
17195,0
17196,0
17197,0
17198,0
17199,0
17200,0
17201,0
17202,0
17203,0
17204,0
17205,0
17206,0
17207,0
17208,0
17209,0
17210,0
17211,0
17212,0
17213,0
17214,0
17215,0
17216,0
17217,0
17218,2
17219,0
17220,0
17221,0
17222,0
17223,0
17224,0
17225,0
17226,0
17227,0
17228,0
17229,0
17230,2
17231,0
17232,0
17233,0
17234,0
17235,0
17236,0
17237,0
17238,0
17239,0
17240,0
17241,0
17242,0
17243,0
17244,0
17245,0
17246,0
17247,2
17248,0
17249,0
17250,2
17251,0
17252,0
17253,0
17254,0
17255,2
17256,0
17257,0
17258,0
17259,0
17260,0
17261,0
17262,0
17263,0
17264,0
17265,0
17266,0
17267,0
17268,0
17269,0
17270,0
17271,0
17272,0
17273,0
17274,0
17275,0
17276,0
17277,0
17278,0
17279,0
17280,0
17281,0
17282,0
17283,0
17284,0
17285,0
17286,2
17287,2
17288,0
17289,0
17290,0
17291,1
17292,0
17293,0
17294,2
17295,2
17296,2
17297,0
17298,0
17299,0
17300,0
17301,0
17302,0
17303,0
17304,0
17305,0
17306,0
17307,1
17308,1
17309,0
17310,0
17311,0
17312,0
17313,0
17314,0
17315,0
17316,0
17317,0
17318,1
17319,0
17320,0
17321,0
17322,0
17323,0
17324,0
17325,0
17326,0
17327,0
17328,1
17329,1
17330,0
17331,0
17332,0
17333,0
17334,0
17335,0
17336,0
17337,0
17338,2
17339,0
17340,0
17341,2
17342,0
17343,0
17344,0
17345,0
17346,0
17347,0
17348,1
17349,0
17350,0
17351,1
17352,0
17353,0
17354,0
17355,2
17356,1
17357,0
17358,0
17359,0
17360,1
17361,2
17362,0
17363,0
17364,0
17365,0
17366,1
17367,2
17368,0
17369,0
17370,0
17371,0
17372,1
17373,0
17374,0
17375,0
17376,0
17377,0
17378,0
17379,0
17380,0
17381,0
17382,0
17383,0
17384,2
17385,0
17386,0
17387,2
17388,0
17389,0
17390,0
17391,0
17392,2
17393,0
17394,1
17395,0
17396,0
17397,0
17398,0
17399,0
17400,0
17401,0
17402,0
17403,0
17404,0
17405,0
17406,0
17407,0
17408,0
17409,0
17410,0
17411,0
17412,0
17413,0
17414,0
17415,0
17416,0
17417,0
17418,0
17419,0
17420,0
17421,0
17422,0
17423,2
17424,2
17425,0
17426,0
17427,0
17428,0
17429,0
17430,0
17431,0
17432,2
17433,2
17434,0
17435,0
17436,0
17437,0
17438,0
17439,0
17440,0
17441,0
17442,0
17443,0
17444,0
17445,0
17446,0
17447,0
17448,0
17449,0
17450,0
17451,0
17452,0
17453,0
17454,0
17455,0
17456,0
17457,0
17458,0
17459,0
17460,0
17461,0
17462,0
17463,0
17464,0
17465,0
17466,0
17467,0
17468,0
17469,0
17470,0
17471,0
17472,0
17473,0
17474,0
17475,0
17476,0
17477,0
17478,0
17479,0
17480,0
17481,0
17482,0
17483,0
17484,0
17485,0
17486,0
17487,0
17488,0
17489,0
17490,0
17491,0
17492,0
17493,0
17494,0
17495,0
17496,0
17497,0
17498,2
17499,0
17500,0
17501,0
17502,0
17503,0
17504,0
17505,0
17506,0
17507,0
17508,0
17509,0
17510,0
17511,0
17512,0
17513,0
17514,0
17515,0
17516,0
17517,0
17518,0
17519,0
17520,0
17521,0
17522,0
17523,0
17524,0
17525,0
17526,0
17527,0
17528,0
17529,0
17530,0
17531,0
17532,0
17533,0
17534,0
17535,0
17536,0
17537,0
17538,0
17539,0
17540,0
17541,0
17542,0
17543,0
17544,0
17545,0
17546,0
17547,0
17548,0
17549,0
17550,0
17551,0
17552,0
17553,0
17554,0
17555,0
17556,0
17557,0
17558,0
17559,0
17560,2
17561,2
17562,0
17563,0
17564,0
17565,1
17566,0
17567,0
17568,2
17569,2
17570,2
17571,0
17572,0
17573,0
17574,0
17575,0
17576,0
17577,0
17578,0
17579,0
17580,0
17581,1
17582,1
17583,0
17584,0
17585,0
17586,0
17587,0
17588,0
17589,0
17590,0
17591,0
17592,1
17593,0
17594,0
17595,0
17596,0
17597,0
17598,0
17599,0
17600,0
17601,0
17602,0
17603,1
17604,0
17605,0
17606,0
17607,0
17608,0
17609,0
17610,0
17611,0
17612,0
17613,0
17614,0
17615,0
17616,0
17617,0
17618,0
17619,0
17620,0
17621,0
17622,2
17623,0
17624,0
17625,1
17626,0
17627,0
17628,0
17629,2
17630,2
17631,0
17632,0
17633,0
17634,1
17635,1
17636,0
17637,0
17638,1
17639,0
17640,0
17641,0
17642,0
17643,0
17644,0
17645,0
17646,1
17647,0
17648,0
17649,0
17650,0
17651,0
17652,0
17653,0
17654,0
17655,0
17656,0
17657,0
17658,2
17659,0
17660,0
17661,2
17662,0
17663,0
17664,0
17665,0
17666,0
17667,0
17668,0
17669,0
17670,0
17671,0
17672,0
17673,0
17674,0
17675,0
17676,0
17677,0
17678,0
17679,0
17680,0
17681,0
17682,0
17683,0
17684,0
17685,0
17686,0
17687,0
17688,0
17689,0
17690,0
17691,0
17692,0
17693,0
17694,0
17695,0
17696,0
17697,2
17698,2
17699,0
17700,0
17701,0
17702,2
17703,0
17704,0
17705,2
17706,2
17707,2
17708,2
17709,0
17710,0
17711,0
17712,0
17713,0
17714,0
17715,0
17716,0
17717,0
17718,2
17719,0
17720,0
17721,0
17722,0
17723,0
17724,0
17725,0
17726,0
17727,0
17728,0
17729,0
17730,0
17731,0
17732,0
17733,0
17734,0
17735,0
17736,0
17737,0
17738,0
17739,0
17740,0
17741,0
17742,0
17743,0
17744,0
17745,0
17746,0
17747,0
17748,0
17749,2
17750,0
17751,0
17752,2
17753,0
17754,0
17755,0
17756,0
17757,0
17758,0
17759,0
17760,0
17761,0
17762,0
17763,0
17764,0
17765,0
17766,2
17767,0
17768,0
17769,0
17770,0
17771,2
17772,2
17773,0
17774,0
17775,0
17776,0
17777,2
17778,2
17779,0
17780,0
17781,0
17782,0
17783,2
17784,0
17785,0
17786,0
17787,0
17788,0
17789,0
17790,0
17791,0
17792,0
17793,0
17794,0
17795,2
17796,0
17797,0
17798,2
17799,0
17800,0
17801,2
17802,2
17803,2
17804,0
17805,0
17806,0
17807,0
17808,0
17809,0
17810,0
17811,0
17812,0
17813,0
17814,0
17815,0
17816,0
17817,0
17818,0
17819,0
17820,0
17821,0
17822,0
17823,0
17824,0
17825,0
17826,0
17827,0
17828,0
17829,0
17830,0
17831,0
17832,0
17833,0
17834,2
17835,2
17836,0
17837,0
17838,0
17839,1
17840,0
17841,0
17842,2
17843,2
17844,2
17845,0
17846,0
17847,0
17848,0
17849,0
17850,0
17851,0
17852,0
17853,0
17854,0
17855,2
17856,1
17857,0
17858,0
17859,0
17860,0
17861,0
17862,0
17863,0
17864,0
17865,0
17866,1
17867,0
17868,1
17869,0
17870,0
17871,0
17872,0
17873,0
17874,0
17875,0
17876,0
17877,1
17878,0
17879,0
17880,0
17881,0
17882,0
17883,0
17884,0
17885,0
17886,2
17887,0
17888,0
17889,2
17890,0
17891,0
17892,0
17893,0
17894,0
17895,0
17896,2
17897,0
17898,0
17899,2
17900,0
17901,0
17902,0
17903,2
17904,2
17905,0
17906,1
17907,0
17908,0
17909,2
17910,0
17911,0
17912,2
17913,1
17914,1
17915,2
17916,0
17917,0
17918,0
17919,0
17920,1
17921,0
17922,0
17923,0
17924,0
17925,0
17926,0
17927,0
17928,0
17929,0
17930,0
17931,0
17932,2
17933,0
17934,0
17935,2
17936,0
17937,0
17938,2
17939,0
17940,2
17941,0
17942,1
17943,0
17944,0
17945,0
17946,0
17947,0
17948,0
17949,0
17950,0
17951,0
17952,0
17953,0
17954,0
17955,0
17956,0
17957,0
17958,0
17959,0
17960,0
17961,0
17962,0
17963,0
17964,0
17965,0
17966,0
17967,0
17968,0
17969,0
17970,0
17971,2
17972,2
17973,0
17974,0
17975,0
17976,0
17977,0
17978,0
17979,2
17980,2
17981,2
17982,0
17983,0
17984,0
17985,0
17986,0
17987,0
17988,0
17989,0
17990,0
17991,0
17992,0
17993,0
17994,0
17995,0
17996,0
17997,0
17998,0
17999,0
18000,0
18001,0
18002,0
18003,0
18004,0
18005,0
18006,0
18007,0
18008,0
18009,0
18010,0
18011,0
18012,0
18013,0
18014,0
18015,0
18016,0
18017,0
18018,0
18019,0
18020,0
18021,0
18022,0
18023,0
18024,0
18025,0
18026,0
18027,0
18028,0
18029,0
18030,0
18031,0
18032,0
18033,0
18034,0
18035,0
18036,0
18037,0
18038,0
18039,0
18040,2
18041,1
18042,0
18043,0
18044,0
18045,0
18046,0
18047,0
18048,0
18049,0
18050,0
18051,0
18052,2
18053,0
18054,0
18055,0
18056,0
18057,1
18058,0
18059,0
18060,0
18061,0
18062,0
18063,0
18064,0
18065,0
18066,0
18067,0
18068,0
18069,2
18070,0
18071,0
18072,2
18073,0
18074,0
18075,0
18076,0
18077,2
18078,0
18079,0
18080,0
18081,0
18082,0
18083,0
18084,0
18085,0
18086,0
18087,0
18088,0
18089,0
18090,0
18091,0
18092,0
18093,0
18094,0
18095,0
18096,0
18097,0
18098,0
18099,0
18100,0
18101,0
18102,0
18103,0
18104,0
18105,0
18106,0
18107,0
18108,2
18109,2
18110,0
18111,0
18112,0
18113,0
18114,0
18115,0
18116,2
18117,2
18118,2
18119,0
18120,0
18121,0
18122,0
18123,0
18124,0
18125,0
18126,0
18127,0
18128,0
18129,0
18130,2
18131,0
18132,0
18133,0
18134,0
18135,0
18136,0
18137,0
18138,0
18139,0
18140,0
18141,0
18142,0
18143,0
18144,0
18145,0
18146,0
18147,0
18148,0
18149,0
18150,0
18151,1
18152,0
18153,0
18154,0
18155,0
18156,0
18157,0
18158,0
18159,0
18160,0
18161,0
18162,0
18163,0
18164,0
18165,0
18166,0
18167,0
18168,0
18169,0
18170,0
18171,0
18172,0
18173,0
18174,0
18175,0
18176,0
18177,2
18178,0
18179,0
18180,0
18181,0
18182,0
18183,0
18184,0
18185,0
18186,0
18187,0
18188,0
18189,2
18190,0
18191,0
18192,0
18193,0
18194,0
18195,0
18196,0
18197,0
18198,0
18199,0
18200,0
18201,0
18202,0
18203,0
18204,0
18205,0
18206,2
18207,0
18208,0
18209,2
18210,0
18211,0
18212,2
18213,0
18214,2
18215,0
18216,0
18217,0
18218,0
18219,0
18220,0
18221,0
18222,0
18223,0
18224,0
18225,0
18226,0
18227,0
18228,0
18229,0
18230,0
18231,0
18232,0
18233,0
18234,0
18235,0
18236,0
18237,0
18238,0
18239,0
18240,0
18241,0
18242,0
18243,0
18244,0
18245,2
18246,2
18247,0
18248,0
18249,0
18250,0
18251,0
18252,0
18253,2
18254,2
18255,2
18256,0
18257,0
18258,0
18259,0
18260,0
18261,0
18262,0
18263,0
18264,0
18265,0
18266,0
18267,1
18268,0
18269,0
18270,0
18271,0
18272,0
18273,0
18274,0
18275,0
18276,0
18277,0
18278,0
18279,0
18280,0
18281,0
18282,0
18283,0
18284,0
18285,0
18286,0
18287,0
18288,1
18289,0
18290,0
18291,0
18292,0
18293,0
18294,0
18295,0
18296,0
18297,0
18298,0
18299,0
18300,0
18301,0
18302,0
18303,0
18304,0
18305,0
18306,0
18307,0
18308,0
18309,0
18310,1
18311,0
18312,0
18313,0
18314,2
18315,0
18316,0
18317,0
18318,0
18319,0
18320,0
18321,0
18322,0
18323,0
18324,0
18325,1
18326,2
18327,0
18328,0
18329,0
18330,0
18331,0
18332,0
18333,0
18334,0
18335,0
18336,0
18337,0
18338,0
18339,0
18340,0
18341,0
18342,0
18343,2
18344,0
18345,0
18346,2
18347,0
18348,0
18349,0
18350,0
18351,2
18352,0
18353,0
18354,0
18355,0
18356,0
18357,0
18358,0
18359,0
18360,0
18361,0
18362,0
18363,0
18364,0
18365,0
18366,0
18367,0
18368,0
18369,0
18370,0
18371,0
18372,0
18373,0
18374,0
18375,0
18376,0
18377,0
18378,0
18379,0
18380,0
18381,0
18382,2
18383,2
18384,0
18385,0
18386,0
18387,0
18388,0
18389,0
18390,2
18391,2
18392,2
18393,0
18394,0
18395,0
18396,0
18397,0
18398,0
18399,0
18400,0
18401,0
18402,0
18403,0
18404,1
18405,0
18406,0
18407,0
18408,0
18409,0
18410,0
18411,0
18412,0
18413,0
18414,0
18415,0
18416,0
18417,0
18418,0
18419,0
18420,0
18421,0
18422,0
18423,0
18424,0
18425,1
18426,0
18427,0
18428,0
18429,0
18430,0
18431,0
18432,0
18433,0
18434,0
18435,0
18436,0
18437,0
18438,0
18439,0
18440,0
18441,0
18442,0
18443,0
18444,0
18445,0
18446,0
18447,1
18448,0
18449,0
18450,0
18451,2
18452,0
18453,0
18454,0
18455,0
18456,0
18457,0
18458,0
18459,0
18460,0
18461,0
18462,1
18463,2
18464,0
18465,0
18466,0
18467,0
18468,0
18469,0
18470,0
18471,0
18472,0
18473,0
18474,0
18475,0
18476,0
18477,0
18478,0
18479,0
18480,2
18481,0
18482,0
18483,2
18484,0
18485,0
18486,0
18487,0
18488,2
18489,0
18490,0
18491,0
18492,0
18493,0
18494,0
18495,0
18496,0
18497,0
18498,0
18499,0
18500,0
18501,0
18502,0
18503,0
18504,0
18505,0
18506,0
18507,0
18508,0
18509,0
18510,0
18511,0
18512,0
18513,0
18514,0
18515,0
18516,0
18517,0
18518,0
18519,2
18520,2
18521,0
18522,1
18523,0
18524,1
18525,0
18526,0
18527,2
18528,2
18529,2
18530,0
18531,0
18532,0
18533,0
18534,0
18535,0
18536,0
18537,0
18538,0
18539,2
18540,1
18541,1
18542,0
18543,0
18544,0
18545,0
18546,0
18547,0
18548,0
18549,2
18550,0
18551,1
18552,0
18553,0
18554,0
18555,0
18556,0
18557,0
18558,0
18559,0
18560,0
18561,0
18562,1
18563,0
18564,0
18565,0
18566,0
18567,0
18568,0
18569,0
18570,0
18571,2
18572,0
18573,0
18574,0
18575,0
18576,0
18577,0
18578,0
18579,0
18580,0
18581,0
18582,0
18583,0
18584,0
18585,0
18586,0
18587,0
18588,2
18589,1
18590,0
18591,0
18592,0
18593,2
18594,2
18595,0
18596,0
18597,0
18598,0
18599,0
18600,2
18601,0
18602,0
18603,0
18604,0
18605,1
18606,0
18607,0
18608,0
18609,0
18610,0
18611,0
18612,0
18613,0
18614,0
18615,0
18616,0
18617,2
18618,0
18619,0
18620,2
18621,0
18622,0
18623,0
18624,0
18625,2
18626,0
18627,1
18628,0
18629,0
18630,0
18631,0
18632,0
18633,0
18634,0
18635,0
18636,0
18637,0
18638,0
18639,0
18640,0
18641,0
18642,0
18643,0
18644,0
18645,0
18646,0
18647,0
18648,0
18649,0
18650,0
18651,0
18652,0
18653,0
18654,0
18655,0
18656,2
18657,2
18658,0
18659,2
18660,0
18661,2
18662,0
18663,0
18664,2
18665,2
18666,2
18667,0
18668,0
18669,0
18670,0
18671,0
18672,0
18673,0
18674,0
18675,0
18676,2
18677,2
18678,2
18679,0
18680,0
18681,0
18682,0
18683,0
18684,0
18685,0
18686,2
18687,0
18688,1
18689,0
18690,0
18691,0
18692,0
18693,0
18694,0
18695,0
18696,2
18697,0
18698,2
18699,1
18700,0
18701,0
18702,0
18703,0
18704,0
18705,0
18706,0
18707,0
18708,2
18709,1
18710,0
18711,2
18712,0
18713,0
18714,0
18715,0
18716,0
18717,0
18718,2
18719,0
18720,0
18721,2
18722,0
18723,0
18724,0
18725,2
18726,2
18727,0
18728,1
18729,0
18730,2
18731,2
18732,0
18733,0
18734,2
18735,1
18736,2
18737,2
18738,0
18739,0
18740,0
18741,0
18742,2
18743,0
18744,0
18745,0
18746,0
18747,2
18748,0
18749,0
18750,0
18751,0
18752,0
18753,0
18754,2
18755,0
18756,0
18757,2
18758,0
18759,0
18760,2
18761,2
18762,2
18763,0
18764,1
18765,0
18766,0
18767,0
18768,0
18769,0
18770,0
18771,0
18772,0
18773,0
18774,0
18775,0
18776,0
18777,0
18778,0
18779,0
18780,0
18781,0
18782,0
18783,0
18784,0
18785,0
18786,0
18787,0
18788,0
18789,0
18790,0
18791,0
18792,0
18793,2
18794,2
18795,0
18796,0
18797,0
18798,0
18799,0
18800,0
18801,0
18802,2
18803,2
18804,0
18805,0
18806,0
18807,0
18808,0
18809,0
18810,0
18811,0
18812,0
18813,0
18814,0
18815,0
18816,0
18817,0
18818,0
18819,0
18820,0
18821,0
18822,0
18823,0
18824,0
18825,0
18826,0
18827,0
18828,0
18829,0
18830,0
18831,0
18832,0
18833,0
18834,0
18835,0
18836,0
18837,0
18838,0
18839,0
18840,0
18841,0
18842,0
18843,0
18844,0
18845,0
18846,0
18847,0
18848,0
18849,0
18850,0
18851,0
18852,0
18853,0
18854,0
18855,0
18856,0
18857,0
18858,0
18859,0
18860,0
18861,0
18862,2
18863,0
18864,0
18865,0
18866,0
18867,0
18868,0
18869,0
18870,0
18871,0
18872,0
18873,0
18874,0
18875,0
18876,0
18877,0
18878,0
18879,0
18880,0
18881,0
18882,0
18883,0
18884,0
18885,0
18886,0
18887,0
18888,0
18889,0
18890,0
18891,0
18892,0
18893,0
18894,2
18895,0
18896,0
18897,0
18898,0
18899,2
18900,0
18901,0
18902,0
18903,0
18904,0
18905,0
18906,0
18907,0
18908,0
18909,0
18910,0
18911,0
18912,0
18913,0
18914,0
18915,0
18916,0
18917,0
18918,0
18919,0
18920,0
18921,0
18922,0
18923,0
18924,0
18925,0
18926,0
18927,0
18928,0
18929,0
18930,2
18931,2
18932,0
18933,0
18934,0
18935,0
18936,0
18937,0
18938,0
18939,2
18940,2
18941,0
18942,0
18943,0
18944,0
18945,0
18946,0
18947,0
18948,0
18949,0
18950,0
18951,0
18952,0
18953,0
18954,0
18955,0
18956,0
18957,0
18958,0
18959,0
18960,0
18961,0
18962,0
18963,0
18964,0
18965,0
18966,0
18967,0
18968,0
18969,0
18970,0
18971,0
18972,0
18973,0
18974,0
18975,0
18976,0
18977,0
18978,0
18979,0
18980,0
18981,0
18982,0
18983,0
18984,0
18985,0
18986,0
18987,0
18988,0
18989,0
18990,0
18991,0
18992,0
18993,0
18994,0
18995,0
18996,0
18997,0
18998,0
18999,2
19000,0
19001,0
19002,0
19003,0
19004,0
19005,0
19006,0
19007,0
19008,0
19009,0
19010,0
19011,0
19012,0
19013,0
19014,0
19015,0
19016,0
19017,0
19018,0
19019,0
19020,0
19021,0
19022,0
19023,0
19024,0
19025,0
19026,0
19027,0
19028,2
19029,0
19030,0
19031,1
19032,0
19033,0
19034,0
19035,0
19036,0
19037,0
19038,0
19039,0
19040,0
19041,0
19042,0
19043,0
19044,0
19045,0
19046,0
19047,0
19048,0
19049,0
19050,0
19051,0
19052,0
19053,0
19054,0
19055,0
19056,0
19057,0
19058,0
19059,0
19060,0
19061,0
19062,0
19063,0
19064,0
19065,0
19066,0
19067,2
19068,2
19069,0
19070,0
19071,0
19072,0
19073,0
19074,0
19075,0
19076,2
19077,2
19078,0
19079,0
19080,0
19081,0
19082,0
19083,0
19084,0
19085,0
19086,0
19087,0
19088,0
19089,0
19090,0
19091,0
19092,0
19093,0
19094,0
19095,0
19096,0
19097,0
19098,0
19099,0
19100,0
19101,0
19102,0
19103,0
19104,0
19105,0
19106,0
19107,0
19108,0
19109,0
19110,0
19111,0
19112,0
19113,0
19114,0
19115,0
19116,0
19117,0
19118,0
19119,0
19120,0
19121,0
19122,0
19123,0
19124,0
19125,0
19126,0
19127,0
19128,0
19129,0
19130,0
19131,0
19132,0
19133,0
19134,0
19135,0
19136,2
19137,0
19138,0
19139,0
19140,0
19141,0
19142,0
19143,0
19144,0
19145,0
19146,0
19147,0
19148,0
19149,0
19150,0
19151,0
19152,0
19153,0
19154,0
19155,0
19156,0
19157,0
19158,0
19159,0
19160,0
19161,0
19162,0
19163,0
19164,0
19165,0
19166,0
19167,0
19168,2
19169,0
19170,0
19171,0
19172,0
19173,0
19174,0
19175,0
19176,0
19177,0
19178,0
19179,0
19180,0
19181,0
19182,0
19183,0
19184,0
19185,0
19186,0
19187,0
19188,0
19189,0
19190,0
19191,0
19192,0
19193,0
19194,0
19195,0
19196,0
19197,0
19198,0
19199,0
19200,0
19201,0
19202,0
19203,0
19204,2
19205,2
19206,0
19207,2
19208,0
19209,2
19210,0
19211,0
19212,2
19213,2
19214,2
19215,0
19216,0
19217,0
19218,0
19219,0
19220,0
19221,0
19222,0
19223,0
19224,0
19225,2
19226,2
19227,0
19228,0
19229,0
19230,0
19231,0
19232,0
19233,0
19234,0
19235,0
19236,1
19237,0
19238,1
19239,0
19240,0
19241,0
19242,0
19243,0
19244,2
19245,0
19246,2
19247,1
19248,0
19249,0
19250,0
19251,0
19252,0
19253,0
19254,0
19255,0
19256,2
19257,0
19258,0
19259,2
19260,0
19261,0
19262,0
19263,0
19264,0
19265,0
19266,2
19267,0
19268,0
19269,2
19270,0
19271,0
19272,0
19273,2
19274,2
19275,0
19276,0
19277,0
19278,0
19279,2
19280,0
19281,0
19282,2
19283,1
19284,2
19285,2
19286,0
19287,0
19288,0
19289,0
19290,1
19291,0
19292,1
19293,0
19294,0
19295,0
19296,0
19297,0
19298,0
19299,0
19300,0
19301,0
19302,2
19303,0
19304,0
19305,2
19306,0
19307,0
19308,2
19309,2
19310,2
19311,0
19312,1
19313,0
19314,0
19315,0
19316,0
19317,0
19318,0
19319,0
19320,0
19321,0
19322,0
19323,0
19324,0
19325,0
19326,0
19327,0
19328,0
19329,0
19330,0
19331,0
19332,0
19333,0
19334,0
19335,0
19336,0
19337,0
19338,0
19339,0
19340,0
19341,2
19342,2
19343,0
19344,0
19345,0
19346,0
19347,0
19348,0
19349,2
19350,2
19351,2
19352,0
19353,0
19354,0
19355,0
19356,0
19357,0
19358,0
19359,0
19360,0
19361,0
19362,0
19363,0
19364,0
19365,0
19366,0
19367,0
19368,0
19369,0
19370,0
19371,0
19372,0
19373,0
19374,0
19375,0
19376,0
19377,0
19378,0
19379,0
19380,0
19381,0
19382,0
19383,0
19384,0
19385,0
19386,0
19387,0
19388,0
19389,0
19390,0
19391,0
19392,0
19393,0
19394,0
19395,0
19396,0
19397,0
19398,0
19399,0
19400,0
19401,0
19402,0
19403,0
19404,0
19405,0
19406,0
19407,0
19408,0
19409,0
19410,2
19411,0
19412,0
19413,0
19414,0
19415,2
19416,2
19417,0
19418,0
19419,0
19420,0
19421,0
19422,2
19423,0
19424,0
19425,0
19426,0
19427,0
19428,0
19429,0
19430,0
19431,0
19432,0
19433,0
19434,0
19435,0
19436,0
19437,0
19438,0
19439,2
19440,0
19441,0
19442,2
19443,0
19444,0
19445,2
19446,0
19447,2
19448,0
19449,0
19450,0
19451,0
19452,0
19453,0
19454,0
19455,0
19456,0
19457,0
19458,0
19459,0
19460,0
19461,0
19462,0
19463,0
19464,0
19465,0
19466,0
19467,0
19468,0
19469,0
19470,0
19471,0
19472,0
19473,0
19474,0
19475,0
19476,0
19477,0
19478,2
19479,2
19480,0
19481,0
19482,0
19483,0
19484,0
19485,0
19486,0
19487,2
19488,2
19489,0
19490,0
19491,0
19492,0
19493,0
19494,0
19495,0
19496,0
19497,0
19498,0
19499,0
19500,0
19501,0
19502,0
19503,0
19504,0
19505,0
19506,0
19507,0
19508,0
19509,0
19510,0
19511,0
19512,0
19513,0
19514,0
19515,0
19516,0
19517,0
19518,0
19519,0
19520,0
19521,0
19522,0
19523,0
19524,0
19525,0
19526,0
19527,0
19528,0
19529,0
19530,0
19531,0
19532,0
19533,0
19534,0
19535,0
19536,0
19537,0
19538,0
19539,0
19540,0
19541,0
19542,0
19543,0
19544,0
19545,0
19546,0
19547,2
19548,0
19549,0
19550,0
19551,0
19552,0
19553,0
19554,0
19555,0
19556,0
19557,0
19558,0
19559,0
19560,0
19561,0
19562,0
19563,0
19564,0
19565,0
19566,0
19567,0
19568,0
19569,0
19570,0
19571,0
19572,0
19573,0
19574,0
19575,0
19576,0
19577,0
19578,0
19579,2
19580,0
19581,0
19582,0
19583,0
19584,2
19585,0
19586,0
19587,0
19588,0
19589,0
19590,0
19591,0
19592,0
19593,0
19594,0
19595,0
19596,0
19597,0
19598,0
19599,0
19600,0
19601,0
19602,0
19603,0
19604,0
19605,0
19606,0
19607,0
19608,0
19609,0
19610,0
19611,0
19612,0
19613,0
19614,0
19615,2
19616,2
19617,0
19618,0
19619,0
19620,0
19621,0
19622,0
19623,2
19624,2
19625,2
19626,0
19627,0
19628,0
19629,0
19630,0
19631,0
19632,0
19633,0
19634,0
19635,0
19636,0
19637,2
19638,0
19639,0
19640,0
19641,0
19642,0
19643,0
19644,0
19645,0
19646,0
19647,0
19648,0
19649,0
19650,0
19651,0
19652,0
19653,0
19654,0
19655,0
19656,0
19657,0
19658,1
19659,0
19660,0
19661,0
19662,0
19663,0
19664,0
19665,0
19666,0
19667,0
19668,0
19669,0
19670,0
19671,0
19672,0
19673,0
19674,0
19675,0
19676,0
19677,0
19678,0
19679,0
19680,0
19681,0
19682,0
19683,0
19684,2
19685,0
19686,0
19687,0
19688,0
19689,0
19690,2
19691,0
19692,0
19693,0
19694,0
19695,0
19696,2
19697,0
19698,0
19699,0
19700,0
19701,0
19702,0
19703,0
19704,0
19705,0
19706,0
19707,0
19708,0
19709,0
19710,0
19711,0
19712,0
19713,2
19714,0
19715,0
19716,2
19717,0
19718,0
19719,2
19720,2
19721,2
19722,0
19723,0
19724,0
19725,0
19726,0
19727,0
19728,0
19729,0
19730,0
19731,0
19732,0
19733,0
19734,0
19735,0
19736,0
19737,0
19738,0
19739,0
19740,0
19741,0
19742,0
19743,0
19744,0
19745,0
19746,0
19747,0
19748,0
19749,0
19750,0
19751,0
19752,2
19753,2
19754,0
19755,0
19756,0
19757,0
19758,0
19759,0
19760,2
19761,2
19762,2
19763,0
19764,0
19765,0
19766,0
19767,0
19768,0
19769,0
19770,0
19771,0
19772,0
19773,0
19774,0
19775,0
19776,0
19777,0
19778,0
19779,0
19780,0
19781,0
19782,0
19783,0
19784,0
19785,0
19786,0
19787,0
19788,0
19789,0
19790,0
19791,0
19792,0
19793,0
19794,0
19795,1
19796,0
19797,0
19798,0
19799,0
19800,0
19801,0
19802,0
19803,0
19804,0
19805,0
19806,0
19807,0
19808,0
19809,0
19810,0
19811,0
19812,0
19813,0
19814,0
19815,0
19816,0
19817,0
19818,0
19819,0
19820,0
19821,2
19822,1
19823,0
19824,0
19825,0
19826,0
19827,2
19828,0
19829,0
19830,0
19831,0
19832,0
19833,2
19834,0
19835,0
19836,0
19837,0
19838,0
19839,0
19840,0
19841,0
19842,0
19843,0
19844,0
19845,0
19846,0
19847,0
19848,0
19849,0
19850,0
19851,0
19852,0
19853,2
19854,0
19855,0
19856,0
19857,0
19858,2
19859,0
19860,0
19861,0
19862,0
19863,0
19864,0
19865,0
19866,0
19867,0
19868,0
19869,0
19870,0
19871,0
19872,0
19873,0
19874,0
19875,0
19876,0
19877,0
19878,0
19879,0
19880,0
19881,0
19882,0
19883,0
19884,0
19885,0
19886,0
19887,0
19888,0
19889,2
19890,2
19891,0
19892,0
19893,0
19894,0
19895,0
19896,0
19897,0
19898,2
19899,2
19900,0
19901,0
19902,0
19903,0
19904,0
19905,0
19906,0
19907,0
19908,0
19909,0
19910,0
19911,0
19912,0
19913,0
19914,0
19915,0
19916,0
19917,0
19918,0
19919,0
19920,0
19921,0
19922,0
19923,0
19924,0
19925,0
19926,0
19927,0
19928,0
19929,0
19930,0
19931,0
19932,0
19933,0
19934,0
19935,0
19936,0
19937,0
19938,0
19939,0
19940,0
19941,0
19942,0
19943,0
19944,0
19945,0
19946,0
19947,0
19948,0
19949,0
19950,0
19951,0
19952,0
19953,0
19954,0
19955,0
19956,0
19957,0
19958,2
19959,0
19960,0
19961,0
19962,0
19963,0
19964,0
19965,0
19966,0
19967,0
19968,0
19969,0
19970,2
19971,0
19972,0
19973,0
19974,0
19975,0
19976,0
19977,0
19978,0
19979,0
19980,0
19981,0
19982,0
19983,0
19984,0
19985,0
19986,0
19987,0
19988,0
19989,0
19990,0
19991,0
19992,0
19993,0
19994,0
19995,0
19996,0
19997,0
19998,0
19999,0
20000,0
20001,0
20002,0
20003,0
20004,0
20005,0
20006,0
20007,0
20008,0
20009,0
20010,0
20011,0
20012,0
20013,0
20014,0
20015,0
20016,0
20017,0
20018,0
20019,0
20020,0
20021,0
20022,0
20023,0
20024,0
20025,0
20026,2
20027,2
20028,0
20029,0
20030,0
20031,0
20032,0
20033,0
20034,0
20035,2
20036,2
20037,0
20038,0
20039,0
20040,0
20041,0
20042,0
20043,0
20044,0
20045,0
20046,0
20047,0
20048,0
20049,0
20050,0
20051,0
20052,0
20053,0
20054,0
20055,0
20056,0
20057,0
20058,0
20059,0
20060,0
20061,0
20062,0
20063,0
20064,0
20065,0
20066,0
20067,0
20068,0
20069,0
20070,0
20071,0
20072,0
20073,0
20074,0
20075,0
20076,0
20077,0
20078,2
20079,0
20080,0
20081,2
20082,0
20083,0
20084,0
20085,0
20086,0
20087,0
20088,0
20089,0
20090,0
20091,0
20092,0
20093,0
20094,0
20095,2
20096,0
20097,0
20098,0
20099,0
20100,0
20101,0
20102,0
20103,0
20104,0
20105,0
20106,0
20107,2
20108,0
20109,0
20110,0
20111,0
20112,0
20113,0
20114,0
20115,0
20116,0
20117,0
20118,0
20119,0
20120,0
20121,0
20122,0
20123,0
20124,2
20125,0
20126,0
20127,2
20128,0
20129,0
20130,0
20131,0
20132,2
20133,0
20134,0
20135,0
20136,0
20137,0
20138,0
20139,0
20140,0
20141,0
20142,0
20143,0
20144,0
20145,0
20146,0
20147,0
20148,0
20149,0
20150,0
20151,0
20152,0
20153,0
20154,0
20155,0
20156,0
20157,0
20158,0
20159,0
20160,0
20161,0
20162,0
20163,2
20164,2
20165,0
20166,0
20167,0
20168,0
20169,0
20170,0
20171,2
20172,2
20173,2
20174,0
20175,0
20176,0
20177,0
20178,0
20179,0
20180,0
20181,0
20182,0
20183,0
20184,1
20185,1
20186,0
20187,0
20188,0
20189,0
20190,0
20191,0
20192,0
20193,0
20194,0
20195,0
20196,0
20197,0
20198,0
20199,0
20200,0
20201,0
20202,0
20203,0
20204,0
20205,0
20206,1
20207,0
20208,0
20209,0
20210,0
20211,0
20212,0
20213,0
20214,0
20215,0
20216,0
20217,0
20218,0
20219,0
20220,0
20221,0
20222,0
20223,0
20224,0
20225,2
20226,0
20227,0
20228,2
20229,0
20230,0
20231,0
20232,2
20233,2
20234,0
20235,0
20236,0
20237,0
20238,0
20239,0
20240,0
20241,0
20242,0
20243,0
20244,0
20245,0
20246,0
20247,0
20248,0
20249,0
20250,0
20251,0
20252,0
20253,0
20254,0
20255,0
20256,0
20257,0
20258,0
20259,0
20260,0
20261,2
20262,0
20263,0
20264,2
20265,0
20266,0
20267,0
20268,0
20269,2
20270,0
20271,0
20272,0
20273,0
20274,0
20275,0
20276,0
20277,0
20278,0
20279,0
20280,0
20281,0
20282,0
20283,0
20284,0
20285,0
20286,0
20287,0
20288,0
20289,0
20290,0
20291,0
20292,0
20293,0
20294,0
20295,0
20296,0
20297,0
20298,0
20299,0
20300,2
20301,2
20302,0
20303,0
20304,0
20305,1
20306,0
20307,0
20308,2
20309,2
20310,2
20311,0
20312,0
20313,0
20314,0
20315,0
20316,0
20317,0
20318,0
20319,0
20320,0
20321,1
20322,1
20323,0
20324,0
20325,0
20326,0
20327,0
20328,0
20329,0
20330,0
20331,0
20332,0
20333,0
20334,0
20335,0
20336,0
20337,0
20338,0
20339,0
20340,0
20341,0
20342,0
20343,1
20344,0
20345,0
20346,0
20347,0
20348,0
20349,0
20350,0
20351,0
20352,0
20353,0
20354,0
20355,0
20356,0
20357,0
20358,0
20359,0
20360,0
20361,0
20362,2
20363,0
20364,0
20365,2
20366,0
20367,0
20368,0
20369,2
20370,2
20371,0
20372,0
20373,0
20374,1
20375,0
20376,0
20377,0
20378,2
20379,1
20380,0
20381,2
20382,0
20383,0
20384,0
20385,0
20386,1
20387,0
20388,0
20389,0
20390,0
20391,2
20392,0
20393,0
20394,0
20395,0
20396,0
20397,0
20398,2
20399,0
20400,0
20401,2
20402,0
20403,0
20404,2
20405,0
20406,2
20407,0
20408,1
20409,0
20410,0
20411,0
20412,0
20413,0
20414,0
20415,0
20416,0
20417,0
20418,0
20419,0
20420,0
20421,0
20422,0
20423,0
20424,0
20425,0
20426,0
20427,0
20428,0
20429,0
20430,0
20431,0
20432,0
20433,0
20434,0
20435,0
20436,0
20437,2
20438,2
20439,0
20440,0
20441,0
20442,0
20443,0
20444,0
20445,0
20446,2
20447,2
20448,0
20449,0
20450,0
20451,0
20452,0
20453,0
20454,0
20455,0
20456,0
20457,0
20458,0
20459,0
20460,0
20461,0
20462,0
20463,0
20464,0
20465,0
20466,0
20467,0
20468,0
20469,0
20470,0
20471,0
20472,0
20473,0
20474,0
20475,0
20476,0
20477,0
20478,0
20479,0
20480,1
20481,0
20482,0
20483,0
20484,0
20485,0
20486,0
20487,0
20488,0
20489,0
20490,0
20491,0
20492,0
20493,0
20494,0
20495,0
20496,0
20497,0
20498,0
20499,0
20500,0
20501,0
20502,0
20503,0
20504,0
20505,0
20506,2
20507,0
20508,0
20509,0
20510,0
20511,0
20512,0
20513,0
20514,0
20515,0
20516,0
20517,0
20518,0
20519,0
20520,0
20521,0
20522,0
20523,0
20524,0
20525,0
20526,0
20527,0
20528,0
20529,0
20530,0
20531,0
20532,0
20533,0
20534,0
20535,2
20536,0
20537,0
20538,2
20539,0
20540,0
20541,0
20542,0
20543,2
20544,0
20545,0
20546,0
20547,0
20548,0
20549,0
20550,0
20551,0
20552,0
20553,0
20554,0
20555,0
20556,0
20557,0
20558,0
20559,0
20560,0
20561,0
20562,0
20563,0
20564,0
20565,0
20566,0
20567,0
20568,0
20569,0
20570,0
20571,0
20572,0
20573,0
20574,2
20575,2
20576,0
20577,2
20578,0
20579,2
20580,0
20581,0
20582,2
20583,2
20584,2
20585,0
20586,0
20587,0
20588,0
20589,0
20590,0
20591,0
20592,0
20593,0
20594,2
20595,2
20596,2
20597,0
20598,0
20599,0
20600,0
20601,0
20602,0
20603,0
20604,2
20605,0
20606,1
20607,0
20608,0
20609,0
20610,0
20611,0
20612,0
20613,0
20614,2
20615,0
20616,2
20617,1
20618,0
20619,0
20620,0
20621,0
20622,0
20623,0
20624,0
20625,0
20626,2
20627,1
20628,0
20629,2
20630,0
20631,0
20632,0
20633,0
20634,0
20635,0
20636,2
20637,0
20638,0
20639,2
20640,0
20641,0
20642,0
20643,2
20644,2
20645,0
20646,1
20647,0
20648,2
20649,2
20650,0
20651,0
20652,2
20653,1
20654,2
20655,2
20656,0
20657,0
20658,0
20659,0
20660,2
20661,0
20662,0
20663,0
20664,0
20665,2
20666,0
20667,0
20668,0
20669,0
20670,0
20671,0
20672,2
20673,0
20674,0
20675,2
20676,0
20677,0
20678,2
20679,2
20680,2
20681,0
20682,1
20683,0
20684,0
20685,0
20686,0
20687,0
20688,0
20689,0
20690,0
20691,0
20692,0
20693,0
20694,0
20695,0
20696,0
20697,0
20698,0
20699,0
20700,0
20701,0
20702,0
20703,0
20704,0
20705,0
20706,0
20707,0
20708,0
20709,0
20710,0
20711,2
20712,2
20713,0
20714,0
20715,0
20716,0
20717,0
20718,0
20719,0
20720,2
20721,2
20722,0
20723,0
20724,0
20725,0
20726,0
20727,0
20728,0
20729,0
20730,0
20731,0
20732,0
20733,0
20734,0
20735,0
20736,0
20737,0
20738,0
20739,0
20740,0
20741,0
20742,0
20743,0
20744,0
20745,0
20746,0
20747,0
20748,0
20749,0
20750,0
20751,0
20752,0
20753,0
20754,0
20755,0
20756,0
20757,0
20758,0
20759,0
20760,0
20761,0
20762,0
20763,0
20764,0
20765,0
20766,0
20767,0
20768,0
20769,0
20770,0
20771,0
20772,0
20773,0
20774,0
20775,0
20776,0
20777,0
20778,0
20779,0
20780,2
20781,0
20782,0
20783,0
20784,0
20785,0
20786,0
20787,0
20788,0
20789,0
20790,0
20791,0
20792,0
20793,0
20794,0
20795,0
20796,0
20797,0
20798,0
20799,0
20800,0
20801,0
20802,0
20803,0
20804,0
20805,0
20806,0
20807,0
20808,0
20809,2
20810,0
20811,0
20812,2
20813,0
20814,0
20815,0
20816,0
20817,0
20818,0
20819,0
20820,0
20821,0
20822,0
20823,0
20824,0
20825,0
20826,0
20827,0
20828,0
20829,0
20830,0
20831,0
20832,0
20833,0
20834,0
20835,0
20836,0
20837,0
20838,0
20839,0
20840,0
20841,0
20842,0
20843,0
20844,0
20845,0
20846,0
20847,0
20848,2
20849,2
20850,0
20851,0
20852,0
20853,0
20854,0
20855,0
20856,2
20857,2
20858,2
20859,0
20860,0
20861,0
20862,0
20863,0
20864,0
20865,0
20866,0
20867,0
20868,0
20869,0
20870,1
20871,0
20872,0
20873,0
20874,0
20875,0
20876,0
20877,0
20878,0
20879,0
20880,0
20881,0
20882,0
20883,0
20884,0
20885,0
20886,0
20887,0
20888,0
20889,0
20890,0
20891,1
20892,0
20893,0
20894,0
20895,0
20896,0
20897,0
20898,0
20899,0
20900,0
20901,0
20902,0
20903,0
20904,0
20905,0
20906,0
20907,0
20908,0
20909,0
20910,0
20911,0
20912,0
20913,0
20914,0
20915,0
20916,0
20917,2
20918,1
20919,0
20920,0
20921,0
20922,0
20923,0
20924,0
20925,0
20926,0
20927,0
20928,0
20929,2
20930,0
20931,0
20932,0
20933,0
20934,1
20935,0
20936,0
20937,0
20938,0
20939,0
20940,0
20941,0
20942,0
20943,0
20944,0
20945,0
20946,2
20947,0
20948,0
20949,2
20950,0
20951,0
20952,2
20953,0
20954,2
20955,0
20956,0
20957,0
20958,0
20959,0
20960,0
20961,0
20962,0
20963,0
20964,0
20965,0
20966,0
20967,0
20968,0
20969,0
20970,0
20971,0
20972,0
20973,0
20974,0
20975,0
20976,0
20977,0
20978,0
20979,0
20980,0
20981,0
20982,0
20983,0
20984,0
20985,2
20986,2
20987,0
20988,0
20989,0
20990,0
20991,0
20992,0
20993,2
20994,2
20995,2
20996,0
20997,0
20998,0
20999,0
21000,0
21001,0
21002,0
21003,0
21004,0
21005,0
21006,2
21007,2
21008,0
21009,0
21010,0
21011,0
21012,0
21013,0
21014,0
21015,0
21016,0
21017,0
21018,0
21019,0
21020,0
21021,0
21022,0
21023,0
21024,0
21025,0
21026,0
21027,0
21028,1
21029,0
21030,0
21031,0
21032,0
21033,0
21034,0
21035,0
21036,0
21037,0
21038,0
21039,0
21040,0
21041,0
21042,0
21043,0
21044,0
21045,0
21046,0
21047,0
21048,0
21049,0
21050,0
21051,0
21052,0
21053,0
21054,2
21055,0
21056,0
21057,0
21058,0
21059,0
21060,2
21061,0
21062,0
21063,0
21064,0
21065,0
21066,2
21067,0
21068,0
21069,0
21070,0
21071,2
21072,0
21073,0
21074,0
21075,0
21076,0
21077,0
21078,0
21079,0
21080,0
21081,0
21082,0
21083,0
21084,0
21085,0
21086,2
21087,0
21088,0
21089,2
21090,0
21091,0
21092,0
21093,0
21094,0
21095,0
21096,0
21097,0
21098,0
21099,0
21100,0
21101,0
21102,0
21103,0
21104,0
21105,0
21106,0
21107,0
21108,0
21109,0
21110,0
21111,0
21112,0
21113,0
21114,0
21115,0
21116,0
21117,0
21118,0
21119,0
21120,0
21121,0
21122,2
21123,2
21124,0
21125,0
21126,0
21127,1
21128,0
21129,0
21130,2
21131,2
21132,2
21133,0
21134,0
21135,0
21136,0
21137,0
21138,0
21139,0
21140,0
21141,0
21142,0
21143,2
21144,2
21145,0
21146,0
21147,0
21148,0
21149,0
21150,0
21151,0
21152,0
21153,0
21154,1
21155,0
21156,0
21157,0
21158,0
21159,0
21160,0
21161,0
21162,0
21163,0
21164,2
21165,1
21166,0
21167,0
21168,0
21169,0
21170,0
21171,0
21172,0
21173,0
21174,2
21175,1
21176,0
21177,1
21178,0
21179,0
21180,0
21181,0
21182,0
21183,0
21184,2
21185,0
21186,0
21187,2
21188,0
21189,0
21190,0
21191,2
21192,2
21193,0
21194,0
21195,0
21196,0
21197,2
21198,0
21199,0
21200,2
21201,1
21202,2
21203,2
21204,0
21205,0
21206,0
21207,0
21208,1
21209,0
21210,0
21211,0
21212,0
21213,2
21214,0
21215,0
21216,0
21217,0
21218,0
21219,0
21220,2
21221,0
21222,0
21223,2
21224,0
21225,0
21226,2
21227,0
21228,2
21229,0
21230,1
21231,0
21232,0
21233,0
21234,0
21235,0
21236,0
21237,0
21238,0
21239,0
21240,0
21241,0
21242,0
21243,0
21244,0
21245,0
21246,0
21247,0
21248,0
21249,0
21250,0
21251,0
21252,0
21253,0
21254,0
21255,0
21256,0
21257,0
21258,0
21259,2
21260,2
21261,0
21262,0
21263,0
21264,0
21265,0
21266,0
21267,0
21268,2
21269,2
21270,0
21271,0
21272,0
21273,0
21274,0
21275,0
21276,0
21277,0
21278,0
21279,0
21280,1
21281,0
21282,0
21283,0
21284,0
21285,0
21286,0
21287,0
21288,0
21289,0
21290,0
21291,0
21292,0
21293,0
21294,0
21295,0
21296,0
21297,0
21298,0
21299,0
21300,0
21301,0
21302,0
21303,0
21304,0
21305,0
21306,0
21307,0
21308,0
21309,0
21310,0
21311,0
21312,0
21313,0
21314,0
21315,0
21316,0
21317,0
21318,0
21319,0
21320,0
21321,0
21322,0
21323,0
21324,0
21325,0
21326,0
21327,0
21328,2
21329,0
21330,0
21331,0
21332,0
21333,0
21334,2
21335,0
21336,0
21337,0
21338,0
21339,0
21340,2
21341,0
21342,0
21343,0
21344,0
21345,0
21346,0
21347,0
21348,0
21349,0
21350,0
21351,0
21352,0
21353,0
21354,0
21355,0
21356,0
21357,2
21358,0
21359,0
21360,2
21361,0
21362,0
21363,2
21364,0
21365,0
21366,0
21367,0
21368,0
21369,0
21370,0
21371,0
21372,0
21373,0
21374,0
21375,0
21376,0
21377,0
21378,0
21379,0
21380,0
21381,0
21382,0
21383,0
21384,0
21385,0
21386,0
21387,0
21388,0
21389,0
21390,0
21391,0
21392,0
21393,0
21394,0
21395,0
21396,2
21397,2
21398,0
21399,0
21400,0
21401,1
21402,0
21403,0
21404,2
21405,2
21406,2
21407,0
21408,0
21409,0
21410,0
21411,0
21412,0
21413,0
21414,0
21415,0
21416,0
21417,1
21418,1
21419,0
21420,0
21421,0
21422,0
21423,0
21424,0
21425,0
21426,0
21427,0
21428,0
21429,0
21430,0
21431,0
21432,0
21433,0
21434,0
21435,0
21436,0
21437,0
21438,0
21439,1
21440,0
21441,0
21442,0
21443,0
21444,0
21445,0
21446,0
21447,0
21448,0
21449,0
21450,0
21451,0
21452,0
21453,0
21454,0
21455,0
21456,0
21457,0
21458,2
21459,0
21460,0
21461,2
21462,0
21463,0
21464,0
21465,2
21466,2
21467,0
21468,0
21469,0
21470,1
21471,0
21472,0
21473,0
21474,2
21475,0
21476,0
21477,2
21478,0
21479,0
21480,0
21481,0
21482,1
21483,0
21484,0
21485,0
21486,0
21487,0
21488,0
21489,0
21490,0
21491,0
21492,0
21493,0
21494,2
21495,0
21496,0
21497,2
21498,0
21499,0
21500,2
21501,0
21502,2
21503,0
21504,1
21505,0
21506,0
21507,0
21508,0
21509,0
21510,0
21511,0
21512,0
21513,0
21514,0
21515,0
21516,0
21517,0
21518,0
21519,0
21520,0
21521,0
21522,0
21523,0
21524,0
21525,0
21526,0
21527,0
21528,0
21529,0
21530,0
21531,0
21532,0
21533,2
21534,2
21535,0
21536,2
21537,0
21538,1
21539,0
21540,0
21541,2
21542,2
21543,2
21544,2
21545,0
21546,0
21547,0
21548,0
21549,0
21550,0
21551,0
21552,0
21553,2
21554,2
21555,1
21556,0
21557,1
21558,0
21559,0
21560,0
21561,0
21562,0
21563,2
21564,0
21565,2
21566,0
21567,0
21568,0
21569,0
21570,0
21571,0
21572,0
21573,0
21574,0
21575,1
21576,1
21577,0
21578,0
21579,0
21580,0
21581,0
21582,0
21583,2
21584,0
21585,2
21586,0
21587,0
21588,0
21589,0
21590,0
21591,0
21592,0
21593,0
21594,0
21595,2
21596,0
21597,0
21598,2
21599,0
21600,0
21601,0
21602,2
21603,2
21604,0
21605,0
21606,0
21607,2
21608,2
21609,0
21610,0
21611,1
21612,0
21613,2
21614,2
21615,0
21616,0
21617,0
21618,0
21619,1
21620,0
21621,1
21622,0
21623,0
21624,0
21625,0
21626,0
21627,0
21628,0
21629,0
21630,0
21631,2
21632,0
21633,0
21634,2
21635,0
21636,0
21637,2
21638,2
21639,2
21640,0
21641,1
21642,0
21643,0
21644,0
21645,0
21646,0
21647,0
21648,0
21649,0
21650,0
21651,0
21652,0
21653,0
21654,0
21655,0
21656,0
21657,0
21658,0
21659,0
21660,0
21661,0
21662,0
21663,0
21664,0
21665,0
21666,0
21667,0
21668,0
21669,0
21670,2
21671,2
21672,0
21673,0
21674,0
21675,0
21676,0
21677,0
21678,0
21679,2
21680,2
21681,0
21682,0
21683,0
21684,0
21685,0
21686,0
21687,0
21688,0
21689,0
21690,0
21691,0
21692,0
21693,0
21694,0
21695,0
21696,0
21697,0
21698,0
21699,0
21700,0
21701,0
21702,0
21703,0
21704,0
21705,0
21706,0
21707,0
21708,0
21709,0
21710,0
21711,0
21712,0
21713,1
21714,0
21715,0
21716,0
21717,0
21718,0
21719,0
21720,0
21721,0
21722,0
21723,0
21724,0
21725,0
21726,0
21727,0
21728,0
21729,0
21730,0
21731,0
21732,0
21733,0
21734,0
21735,0
21736,0
21737,0
21738,0
21739,2
21740,0
21741,0
21742,0
21743,0
21744,0
21745,0
21746,0
21747,0
21748,0
21749,0
21750,0
21751,2
21752,0
21753,0
21754,0
21755,0
21756,0
21757,0
21758,0
21759,0
21760,0
21761,0
21762,0
21763,0
21764,0
21765,0
21766,0
21767,0
21768,2
21769,0
21770,0
21771,2
21772,0
21773,0
21774,2
21775,0
21776,2
21777,0
21778,0
21779,0
21780,0
21781,0
21782,0
21783,0
21784,0
21785,0
21786,0
21787,0
21788,0
21789,0
21790,0
21791,0
21792,0
21793,0
21794,0
21795,0
21796,0
21797,0
21798,0
21799,0
21800,0
21801,0
21802,0
21803,0
21804,0
21805,0
21806,0
21807,2
21808,2
21809,0
21810,0
21811,0
21812,0
21813,0
21814,0
21815,0
21816,2
21817,2
21818,0
21819,0
21820,0
21821,0
21822,0
21823,0
21824,0
21825,0
21826,0
21827,0
21828,0
21829,0
21830,0
21831,0
21832,0
21833,0
21834,0
21835,0
21836,0
21837,0
21838,0
21839,0
21840,0
21841,0
21842,0
21843,0
21844,0
21845,0
21846,0
21847,0
21848,0
21849,0
21850,0
21851,0
21852,0
21853,0
21854,0
21855,0
21856,0
21857,0
21858,0
21859,0
21860,0
21861,0
21862,0
21863,0
21864,0
21865,0
21866,0
21867,0
21868,0
21869,0
21870,0
21871,0
21872,0
21873,0
21874,0
21875,0
21876,2
21877,0
21878,0
21879,0
21880,0
21881,0
21882,2
21883,0
21884,0
21885,0
21886,0
21887,0
21888,0
21889,0
21890,0
21891,0
21892,0
21893,0
21894,0
21895,0
21896,0
21897,0
21898,0
21899,0
21900,0
21901,0
21902,0
21903,0
21904,0
21905,2
21906,0
21907,0
21908,2
21909,0
21910,0
21911,0
21912,0
21913,2
21914,0
21915,0
21916,0
21917,0
21918,0
21919,0
21920,0
21921,0
21922,0
21923,0
21924,0
21925,0
21926,0
21927,0
21928,0
21929,0
21930,0
21931,0
21932,0
21933,0
21934,0
21935,0
21936,0
21937,0
21938,0
21939,0
21940,0
21941,0
21942,0
21943,0
21944,2
21945,2
21946,0
21947,0
21948,0
21949,0
21950,0
21951,0
21952,0
21953,2
21954,2
21955,2
21956,0
21957,0
21958,0
21959,0
21960,0
21961,0
21962,0
21963,0
21964,0
21965,0
21966,0
21967,0
21968,0
21969,0
21970,0
21971,0
21972,0
21973,0
21974,0
21975,0
21976,0
21977,0
21978,0
21979,0
21980,0
21981,0
21982,0
21983,0
21984,0
21985,0
21986,0
21987,0
21988,0
21989,0
21990,0
21991,0
21992,0
21993,0
21994,0
21995,0
21996,0
21997,0
21998,0
21999,0
22000,0
22001,0
22002,0
22003,0
22004,0
22005,0
22006,0
22007,0
22008,0
22009,0
22010,0
22011,0
22012,0
22013,2
22014,0
22015,0
22016,0
22017,0
22018,2
22019,2
22020,0
22021,0
22022,0
22023,0
22024,0
22025,2
22026,0
22027,0
22028,0
22029,0
22030,1
22031,0
22032,0
22033,0
22034,0
22035,0
22036,0
22037,0
22038,0
22039,0
22040,0
22041,0
22042,2
22043,0
22044,0
22045,2
22046,0
22047,0
22048,2
22049,0
22050,0
22051,0
22052,0
22053,0
22054,0
22055,0
22056,0
22057,0
22058,0
22059,0
22060,0
22061,0
22062,0
22063,0
22064,0
22065,0
22066,0
22067,0
22068,0
22069,0
22070,0
22071,0
22072,0
22073,0
22074,0
22075,0
22076,0
22077,0
22078,0
22079,0
22080,0
22081,2
22082,2
22083,0
22084,0
22085,0
22086,1
22087,0
22088,0
22089,0
22090,2
22091,2
22092,0
22093,0
22094,0
22095,0
22096,0
22097,0
22098,0
22099,0
22100,0
22101,0
22102,1
22103,0
22104,0
22105,0
22106,0
22107,0
22108,0
22109,0
22110,0
22111,0
22112,0
22113,0
22114,0
22115,0
22116,0
22117,0
22118,0
22119,0
22120,0
22121,0
22122,0
22123,0
22124,0
22125,0
22126,0
22127,0
22128,0
22129,0
22130,0
22131,0
22132,0
22133,0
22134,0
22135,0
22136,0
22137,0
22138,0
22139,0
22140,0
22141,0
22142,0
22143,0
22144,0
22145,0
22146,0
22147,0
22148,0
22149,0
22150,2
22151,0
22152,0
22153,0
22154,0
22155,2
22156,2
22157,0
22158,0
22159,0
22160,0
22161,0
22162,2
22163,0
22164,0
22165,0
22166,0
22167,0
22168,0
22169,0
22170,0
22171,0
22172,0
22173,0
22174,0
22175,0
22176,0
22177,0
22178,0
22179,2
22180,0
22181,0
22182,1
22183,0
22184,0
22185,0
22186,0
22187,2
22188,0
22189,1
22190,0
22191,0
22192,0
22193,0
22194,0
22195,0
22196,0
22197,0
22198,0
22199,0
22200,0
22201,0
22202,0
22203,0
22204,0
22205,0
22206,0
22207,0
22208,0
22209,0
22210,0
22211,0
22212,0
22213,0
22214,0
22215,0
22216,0
22217,0
22218,2
22219,2
22220,0
22221,0
22222,0
22223,1
22224,0
22225,0
22226,2
22227,2
22228,2
22229,0
22230,0
22231,0
22232,0
22233,0
22234,0
22235,0
22236,0
22237,0
22238,0
22239,1
22240,1
22241,0
22242,0
22243,0
22244,0
22245,0
22246,0
22247,0
22248,0
22249,0
22250,1
22251,0
22252,0
22253,0
22254,0
22255,0
22256,0
22257,0
22258,0
22259,0
22260,0
22261,1
22262,0
22263,0
22264,0
22265,0
22266,0
22267,0
22268,0
22269,0
22270,0
22271,0
22272,0
22273,0
22274,0
22275,0
22276,0
22277,0
22278,0
22279,0
22280,2
22281,0
22282,0
22283,2
22284,0
22285,0
22286,0
22287,2
22288,1
22289,0
22290,0
22291,0
22292,0
22293,0
22294,0
22295,0
22296,1
22297,1
22298,2
22299,2
22300,0
22301,0
22302,0
22303,0
22304,1
22305,0
22306,0
22307,0
22308,0
22309,0
22310,0
22311,0
22312,0
22313,0
22314,0
22315,0
22316,2
22317,0
22318,0
22319,2
22320,0
22321,0
22322,2
22323,0
22324,2
22325,0
22326,0
22327,0
22328,0
22329,0
22330,0
22331,0
22332,0
22333,0
22334,0
22335,0
22336,0
22337,0
22338,0
22339,0
22340,0
22341,0
22342,0
22343,0
22344,0
22345,0
22346,0
22347,0
22348,0
22349,0
22350,0
22351,0
22352,0
22353,0
22354,0
22355,2
22356,2
22357,0
22358,0
22359,0
22360,0
22361,0
22362,0
22363,0
22364,2
22365,2
22366,0
22367,0
22368,0
22369,0
22370,0
22371,0
22372,0
22373,0
22374,0
22375,0
22376,0
22377,0
22378,0
22379,0
22380,0
22381,0
22382,0
22383,0
22384,0
22385,0
22386,0
22387,0
22388,0
22389,0
22390,0
22391,0
22392,0
22393,0
22394,0
22395,0
22396,0
22397,0
22398,0
22399,0
22400,0
22401,0
22402,0
22403,0
22404,0
22405,0
22406,0
22407,0
22408,0
22409,0
22410,0
22411,0
22412,0
22413,0
22414,0
22415,0
22416,0
22417,0
22418,0
22419,0
22420,0
22421,0
22422,0
22423,0
22424,2
22425,0
22426,0
22427,0
22428,0
22429,0
22430,0
22431,0
22432,0
22433,0
22434,0
22435,0
22436,0
22437,0
22438,0
22439,0
22440,0
22441,0
22442,0
22443,0
22444,0
22445,0
22446,0
22447,0
22448,0
22449,0
22450,0
22451,0
22452,0
22453,0
22454,0
22455,0
22456,2
22457,0
22458,0
22459,0
22460,0
22461,0
22462,0
22463,0
22464,0
22465,0
22466,0
22467,0
22468,0
22469,0
22470,0
22471,0
22472,0
22473,0
22474,0
22475,0
22476,0
22477,0
22478,0
22479,0
22480,0
22481,0
22482,0
22483,0
22484,0
22485,0
22486,0
22487,0
22488,0
22489,0
22490,0
22491,0
22492,2
22493,2
22494,0
22495,0
22496,0
22497,0
22498,0
22499,0
22500,0
22501,2
22502,2
22503,0
22504,0
22505,0
22506,0
22507,0
22508,0
22509,0
22510,0
22511,0
22512,0
22513,0
22514,0
22515,0
22516,0
22517,0
22518,0
22519,0
22520,0
22521,0
22522,0
22523,0
22524,0
22525,0
22526,0
22527,0
22528,0
22529,0
22530,0
22531,0
22532,0
22533,0
22534,0
22535,0
22536,0
22537,0
22538,0
22539,0
22540,0
22541,0
22542,0
22543,0
22544,0
22545,0
22546,0
22547,0
22548,0
22549,0
22550,0
22551,0
22552,0
22553,0
22554,0
22555,0
22556,0
22557,0
22558,0
22559,0
22560,0
22561,2
22562,0
22563,0
22564,0
22565,0
22566,2
22567,2
22568,0
22569,0
22570,0
22571,0
22572,0
22573,0
22574,0
22575,0
22576,0
22577,0
22578,0
22579,0
22580,0
22581,0
22582,0
22583,0
22584,0
22585,0
22586,0
22587,0
22588,0
22589,0
22590,2
22591,0
22592,0
22593,2
22594,0
22595,0
22596,0
22597,0
22598,0
22599,0
22600,0
22601,0
22602,0
22603,0
22604,0
22605,0
22606,0
22607,0
22608,0
22609,0
22610,0
22611,0
22612,0
22613,0
22614,0
22615,0
22616,0
22617,0
22618,0
22619,0
22620,0
22621,0
22622,0
22623,0
22624,0
22625,0
22626,0
22627,0
22628,0
22629,2
22630,2
22631,0
22632,0
22633,0
22634,0
22635,0
22636,0
22637,0
22638,2
22639,2
22640,0
22641,0
22642,0
22643,0
22644,0
22645,0
22646,0
22647,0
22648,0
22649,0
22650,2
22651,0
22652,0
22653,0
22654,0
22655,0
22656,0
22657,0
22658,0
22659,0
22660,0
22661,0
22662,0
22663,0
22664,0
22665,0
22666,0
22667,0
22668,0
22669,0
22670,0
22671,0
22672,0
22673,0
22674,0
22675,0
22676,0
22677,0
22678,0
22679,0
22680,0
22681,0
22682,0
22683,0
22684,0
22685,0
22686,0
22687,0
22688,0
22689,0
22690,0
22691,0
22692,0
22693,0
22694,0
22695,0
22696,0
22697,0
22698,2
22699,0
22700,0
22701,0
22702,0
22703,0
22704,0
22705,0
22706,0
22707,0
22708,0
22709,0
22710,2
22711,0
22712,0
22713,0
22714,0
22715,0
22716,0
22717,0
22718,0
22719,0
22720,0
22721,0
22722,0
22723,0
22724,0
22725,0
22726,0
22727,2
22728,0
22729,0
22730,2
22731,0
22732,0
22733,2
22734,0
22735,2
22736,0
22737,0
22738,0
22739,0
22740,0
22741,0
22742,0
22743,0
22744,0
22745,0
22746,0
22747,0
22748,0
22749,0
22750,0
22751,0
22752,0
22753,0
22754,0
22755,0
22756,0
22757,0
22758,0
22759,0
22760,0
22761,0
22762,0
22763,0
22764,0
22765,0
22766,2
22767,2
22768,2
22769,2
22770,0
22771,1
22772,0
22773,0
22774,2
22775,2
22776,2
22777,2
22778,0
22779,0
22780,0
22781,0
22782,0
22783,0
22784,0
22785,0
22786,2
22787,2
22788,1
22789,0
22790,1
22791,0
22792,0
22793,0
22794,0
22795,2
22796,2
22797,0
22798,1
22799,0
22800,0
22801,0
22802,0
22803,0
22804,0
22805,0
22806,2
22807,0
22808,1
22809,1
22810,0
22811,0
22812,0
22813,0
22814,0
22815,0
22816,0
22817,0
22818,2
22819,2
22820,0
22821,2
22822,0
22823,2
22824,0
22825,0
22826,0
22827,0
22828,2
22829,0
22830,0
22831,2
22832,0
22833,0
22834,0
22835,2
22836,2
22837,0
22838,1
22839,0
22840,2
22841,2
22842,0
22843,0
22844,2
22845,1
22846,2
22847,2
22848,0
22849,0
22850,0
22851,2
22852,2
22853,0
22854,0
22855,1
22856,0
22857,0
22858,0
22859,0
22860,0
22861,0
22862,0
22863,0
22864,2
22865,0
22866,0
22867,2
22868,0
22869,0
22870,2
22871,2
22872,2
22873,0
22874,1
22875,0
22876,0
22877,0
22878,0
22879,0
22880,0
22881,0
22882,0
22883,0
22884,0
22885,0
22886,0
22887,0
22888,0
22889,0
22890,0
22891,0
22892,0
22893,0
22894,0
22895,0
22896,0
22897,0
22898,0
22899,0
22900,0
22901,0
22902,0
22903,2
22904,2
22905,0
22906,2
22907,1
22908,2
22909,0
22910,0
22911,2
22912,2
22913,2
22914,0
22915,0
22916,0
22917,0
22918,0
22919,0
22920,0
22921,0
22922,0
22923,2
22924,2
22925,1
22926,0
22927,0
22928,0
22929,0
22930,0
22931,0
22932,0
22933,0
22934,0
22935,1
22936,0
22937,0
22938,0
22939,0
22940,0
22941,0
22942,0
22943,0
22944,0
22945,1
22946,2
22947,0
22948,0
22949,0
22950,0
22951,0
22952,0
22953,0
22954,0
22955,2
22956,0
22957,0
22958,0
22959,0
22960,0
22961,0
22962,0
22963,0
22964,0
22965,2
22966,0
22967,0
22968,1
22969,0
22970,0
22971,0
22972,2
22973,2
22974,0
22975,0
22976,0
22977,2
22978,2
22979,0
22980,0
22981,1
22982,1
22983,2
22984,2
22985,0
22986,0
22987,0
22988,0
22989,1
22990,0
22991,0
22992,0
22993,0
22994,0
22995,0
22996,0
22997,0
22998,0
22999,0
23000,0
23001,2
23002,0
23003,0
23004,2
23005,0
23006,0
23007,2
23008,2
23009,2
23010,0
23011,1
23012,0
23013,0
23014,0
23015,0
23016,0
23017,0
23018,0
23019,0
23020,0
23021,0
23022,0
23023,0
23024,0
23025,0
23026,0
23027,0
23028,0
23029,0
23030,0
23031,0
23032,0
23033,0
23034,0
23035,0
23036,0
23037,0
23038,0
23039,0
23040,2
23041,2
23042,0
23043,0
23044,0
23045,0
23046,0
23047,0
23048,0
23049,2
23050,2
23051,0
23052,0
23053,0
23054,0
23055,0
23056,0
23057,0
23058,0
23059,0
23060,0
23061,0
23062,0
23063,0
23064,0
23065,0
23066,0
23067,0
23068,0
23069,0
23070,0
23071,0
23072,0
23073,0
23074,0
23075,0
23076,0
23077,0
23078,0
23079,0
23080,0
23081,0
23082,0
23083,0
23084,0
23085,0
23086,0
23087,0
23088,0
23089,0
23090,0
23091,0
23092,0
23093,0
23094,0
23095,0
23096,0
23097,0
23098,0
23099,0
23100,0
23101,0
23102,0
23103,0
23104,0
23105,0
23106,0
23107,0
23108,0
23109,2
23110,0
23111,0
23112,0
23113,0
23114,0
23115,0
23116,0
23117,0
23118,0
23119,0
23120,0
23121,0
23122,0
23123,0
23124,0
23125,0
23126,0
23127,0
23128,0
23129,0
23130,0
23131,0
23132,0
23133,0
23134,0
23135,0
23136,0
23137,0
23138,0
23139,0
23140,0
23141,2
23142,0
23143,0
23144,0
23145,0
23146,0
23147,0
23148,0
23149,0
23150,0
23151,0
23152,0
23153,0
23154,0
23155,0
23156,0
23157,0
23158,0
23159,0
23160,0
23161,0
23162,0
23163,0
23164,0
23165,0
23166,0
23167,0
23168,0
23169,0
23170,0
23171,0
23172,0
23173,0
23174,0
23175,0
23176,0
23177,2
23178,2
23179,0
23180,0
23181,0
23182,0
23183,0
23184,0
23185,0
23186,2
23187,2
23188,0
23189,0
23190,0
23191,0
23192,0
23193,0
23194,0
23195,0
23196,0
23197,0
23198,2
23199,0
23200,0
23201,0
23202,0
23203,0
23204,0
23205,0
23206,0
23207,0
23208,0
23209,0
23210,0
23211,0
23212,0
23213,0
23214,0
23215,0
23216,0
23217,0
23218,0
23219,0
23220,0
23221,0
23222,0
23223,0
23224,0
23225,0
23226,0
23227,0
23228,0
23229,0
23230,0
23231,0
23232,0
23233,0
23234,0
23235,0
23236,0
23237,0
23238,0
23239,0
23240,0
23241,0
23242,0
23243,0
23244,0
23245,0
23246,2
23247,0
23248,0
23249,0
23250,0
23251,0
23252,0
23253,0
23254,0
23255,0
23256,0
23257,0
23258,2
23259,0
23260,0
23261,0
23262,0
23263,0
23264,0
23265,0
23266,0
23267,0
23268,0
23269,0
23270,0
23271,0
23272,0
23273,0
23274,0
23275,2
23276,0
23277,0
23278,2
23279,0
23280,0
23281,0
23282,0
23283,0
23284,0
23285,0
23286,0
23287,0
23288,0
23289,0
23290,0
23291,0
23292,0
23293,0
23294,0
23295,0
23296,0
23297,0
23298,0
23299,0
23300,0
23301,0
23302,0
23303,0
23304,0
23305,0
23306,0
23307,0
23308,0
23309,0
23310,0
23311,0
23312,0
23313,0
23314,2
23315,2
23316,0
23317,0
23318,0
23319,1
23320,0
23321,0
23322,2
23323,2
23324,2
23325,0
23326,0
23327,0
23328,0
23329,0
23330,0
23331,0
23332,0
23333,0
23334,0
23335,2
23336,2
23337,0
23338,0
23339,0
23340,0
23341,0
23342,0
23343,0
23344,0
23345,0
23346,0
23347,0
23348,0
23349,0
23350,0
23351,0
23352,0
23353,0
23354,2
23355,0
23356,2
23357,1
23358,0
23359,0
23360,0
23361,0
23362,0
23363,0
23364,0
23365,0
23366,0
23367,0
23368,0
23369,0
23370,0
23371,0
23372,0
23373,0
23374,0
23375,0
23376,2
23377,0
23378,0
23379,2
23380,0
23381,0
23382,0
23383,2
23384,2
23385,0
23386,0
23387,0
23388,0
23389,0
23390,0
23391,0
23392,1
23393,0
23394,2
23395,2
23396,0
23397,0
23398,0
23399,0
23400,1
23401,0
23402,0
23403,0
23404,0
23405,0
23406,0
23407,0
23408,0
23409,0
23410,0
23411,0
23412,2
23413,0
23414,0
23415,2
23416,0
23417,0
23418,2
23419,2
23420,2
23421,0
23422,1
23423,0
23424,0
23425,0
23426,0
23427,0
23428,0
23429,0
23430,0
23431,0
23432,0
23433,0
23434,0
23435,0
23436,0
23437,0
23438,0
23439,0
23440,0
23441,0
23442,0
23443,0
23444,0
23445,0
23446,0
23447,0
23448,0
23449,0
23450,0
23451,2
23452,2
23453,0
23454,0
23455,0
23456,0
23457,0
23458,0
23459,2
23460,2
23461,2
23462,0
23463,0
23464,0
23465,0
23466,0
23467,0
23468,0
23469,0
23470,0
23471,0
23472,0
23473,0
23474,0
23475,0
23476,0
23477,0
23478,0
23479,0
23480,0
23481,0
23482,0
23483,0
23484,0
23485,0
23486,0
23487,0
23488,0
23489,0
23490,0
23491,0
23492,0
23493,0
23494,0
23495,0
23496,0
23497,0
23498,0
23499,0
23500,0
23501,0
23502,0
23503,0
23504,0
23505,0
23506,0
23507,0
23508,0
23509,0
23510,0
23511,0
23512,0
23513,0
23514,0
23515,0
23516,0
23517,0
23518,0
23519,0
23520,2
23521,0
23522,0
23523,0
23524,0
23525,0
23526,0
23527,0
23528,0
23529,0
23530,0
23531,0
23532,0
23533,0
23534,0
23535,0
23536,0
23537,0
23538,0
23539,0
23540,0
23541,0
23542,0
23543,0
23544,0
23545,0
23546,0
23547,0
23548,0
23549,2
23550,0
23551,0
23552,2
23553,0
23554,0
23555,0
23556,0
23557,0
23558,0
23559,0
23560,0
23561,0
23562,0
23563,0
23564,0
23565,0
23566,0
23567,0
23568,0
23569,0
23570,0
23571,0
23572,0
23573,0
23574,0
23575,0
23576,0
23577,0
23578,0
23579,0
23580,0
23581,0
23582,0
23583,0
23584,0
23585,0
23586,0
23587,0
23588,2
23589,2
23590,0
23591,0
23592,0
23593,0
23594,0
23595,0
23596,2
23597,2
23598,2
23599,0
23600,0
23601,0
23602,0
23603,0
23604,0
23605,0
23606,0
23607,0
23608,0
23609,1
23610,1
23611,0
23612,0
23613,0
23614,0
23615,0
23616,0
23617,0
23618,0
23619,0
23620,0
23621,0
23622,0
23623,0
23624,0
23625,0
23626,0
23627,0
23628,0
23629,0
23630,1
23631,0
23632,0
23633,0
23634,0
23635,0
23636,0
23637,0
23638,0
23639,0
23640,0
23641,0
23642,0
23643,0
23644,0
23645,0
23646,0
23647,0
23648,0
23649,0
23650,0
23651,0
23652,0
23653,0
23654,0
23655,0
23656,0
23657,2
23658,1
23659,0
23660,0
23661,0
23662,0
23663,0
23664,0
23665,0
23666,1
23667,0
23668,0
23669,2
23670,0
23671,0
23672,0
23673,0
23674,1
23675,0
23676,0
23677,0
23678,0
23679,0
23680,0
23681,0
23682,0
23683,0
23684,0
23685,0
23686,2
23687,0
23688,0
23689,2
23690,0
23691,0
23692,2
23693,0
23694,2
23695,0
23696,1
23697,0
23698,0
23699,0
23700,0
23701,0
23702,0
23703,0
23704,0
23705,0
23706,0
23707,0
23708,0
23709,0
23710,0
23711,0
23712,0
23713,0
23714,0
23715,0
23716,0
23717,0
23718,0
23719,0
23720,0
23721,0
23722,0
23723,0
23724,0
23725,2
23726,2
23727,0
23728,0
23729,0
23730,1
23731,0
23732,0
23733,2
23734,2
23735,2
23736,0
23737,0
23738,0
23739,0
23740,0
23741,0
23742,0
23743,0
23744,0
23745,0
23746,1
23747,0
23748,0
23749,0
23750,0
23751,0
23752,0
23753,0
23754,0
23755,0
23756,0
23757,0
23758,0
23759,0
23760,0
23761,0
23762,0
23763,0
23764,0
23765,0
23766,0
23767,0
23768,1
23769,0
23770,0
23771,0
23772,0
23773,0
23774,0
23775,0
23776,0
23777,0
23778,0
23779,0
23780,0
23781,0
23782,0
23783,0
23784,0
23785,0
23786,0
23787,2
23788,0
23789,0
23790,0
23791,0
23792,0
23793,0
23794,2
23795,0
23796,0
23797,0
23798,0
23799,0
23800,0
23801,0
23802,0
23803,0
23804,0
23805,0
23806,0
23807,0
23808,0
23809,0
23810,0
23811,0
23812,0
23813,0
23814,0
23815,0
23816,0
23817,0
23818,0
23819,0
23820,0
23821,0
23822,0
23823,2
23824,0
23825,0
23826,2
23827,0
23828,0
23829,0
23830,0
23831,2
23832,0
23833,0
23834,0
23835,0
23836,0
23837,0
23838,0
23839,0
23840,0
23841,0
23842,0
23843,0
23844,0
23845,0
23846,0
23847,0
23848,0
23849,0
23850,0
23851,0
23852,0
23853,0
23854,0
23855,0
23856,0
23857,0
23858,0
23859,0
23860,0
23861,0
23862,2
23863,2
23864,0
23865,0
23866,0
23867,0
23868,0
23869,0
23870,0
23871,2
23872,2
23873,0
23874,0
23875,0
23876,0
23877,0
23878,0
23879,0
23880,0
23881,0
23882,0
23883,1
23884,0
23885,0
23886,0
23887,0
23888,0
23889,0
23890,0
23891,0
23892,0
23893,0
23894,0
23895,0
23896,0
23897,0
23898,0
23899,0
23900,0
23901,0
23902,0
23903,0
23904,0
23905,0
23906,0
23907,0
23908,0
23909,0
23910,0
23911,0
23912,0
23913,0
23914,0
23915,0
23916,0
23917,0
23918,0
23919,0
23920,0
23921,0
23922,0
23923,0
23924,0
23925,0
23926,0
23927,0
23928,0
23929,0
23930,0
23931,2
23932,0
23933,0
23934,0
23935,0
23936,0
23937,0
23938,0
23939,0
23940,0
23941,0
23942,0
23943,0
23944,0
23945,0
23946,0
23947,0
23948,0
23949,0
23950,0
23951,0
23952,0
23953,0
23954,0
23955,0
23956,0
23957,0
23958,0
23959,0
23960,2
23961,0
23962,0
23963,2
23964,0
23965,0
23966,0
23967,0
23968,0
23969,0
23970,0
23971,0
23972,0
23973,0
23974,0
23975,0
23976,0
23977,0
23978,0
23979,0
23980,0
23981,0
23982,0
23983,0
23984,0
23985,0
23986,0
23987,0
23988,0
23989,0
23990,0
23991,0
23992,0
23993,0
23994,0
23995,0
23996,0
23997,0
23998,0
23999,2
24000,2
24001,0
24002,0
24003,0
24004,0
24005,0
24006,0
24007,0
24008,2
24009,2
24010,0
24011,0
24012,0
24013,0
24014,0
24015,0
24016,0
24017,0
24018,0
24019,0
24020,0
24021,0
24022,0
24023,0
24024,0
24025,0
24026,0
24027,0
24028,0
24029,0
24030,0
24031,0
24032,0
24033,0
24034,0
24035,0
24036,0
24037,0
24038,0
24039,0
24040,0
24041,0
24042,0
24043,0
24044,0
24045,0
24046,0
24047,0
24048,0
24049,0
24050,0
24051,0
24052,0
24053,0
24054,0
24055,0
24056,0
24057,0
24058,0
24059,0
24060,0
24061,0
24062,0
24063,0
24064,0
24065,0
24066,0
24067,0
24068,2
24069,0
24070,0
24071,0
24072,0
24073,0
24074,0
24075,0
24076,0
24077,0
24078,0
24079,0
24080,2
24081,0
24082,0
24083,0
24084,0
24085,0
24086,0
24087,0
24088,0
24089,0
24090,0
24091,0
24092,0
24093,0
24094,0
24095,0
24096,0
24097,2
24098,0
24099,0
24100,1
24101,0
24102,0
24103,2
24104,0
24105,2
24106,0
24107,0
24108,0
24109,0
24110,0
24111,0
24112,0
24113,0
24114,0
24115,0
24116,0
24117,0
24118,0
24119,0
24120,0
24121,0
24122,0
24123,0
24124,0
24125,0
24126,0
24127,0
24128,0
24129,0
24130,0
24131,0
24132,0
24133,0
24134,0
24135,0
24136,2
24137,2
24138,0
24139,0
24140,0
24141,2
24142,0
24143,0
24144,2
24145,2
24146,2
24147,0
24148,0
24149,0
24150,0
24151,0
24152,0
24153,0
24154,0
24155,0
24156,2
24157,2
24158,2
24159,0
24160,0
24161,0
24162,0
24163,0
24164,0
24165,0
24166,0
24167,0
24168,1
24169,0
24170,0
24171,0
24172,0
24173,0
24174,0
24175,0
24176,2
24177,0
24178,2
24179,1
24180,0
24181,0
24182,0
24183,0
24184,0
24185,0
24186,0
24187,0
24188,2
24189,0
24190,0
24191,2
24192,0
24193,0
24194,0
24195,0
24196,0
24197,0
24198,2
24199,0
24200,0
24201,2
24202,0
24203,0
24204,0
24205,2
24206,2
24207,0
24208,0
24209,0
24210,1
24211,2
24212,0
24213,0
24214,2
24215,1
24216,2
24217,2
24218,0
24219,0
24220,0
24221,0
24222,1
24223,0
24224,0
24225,0
24226,0
24227,2
24228,0
24229,0
24230,0
24231,0
24232,0
24233,0
24234,2
24235,0
24236,0
24237,2
24238,0
24239,0
24240,2
24241,2
24242,2
24243,0
24244,1
24245,0
24246,0
24247,0
24248,0
24249,0
24250,0
24251,0
24252,0
24253,0
24254,0
24255,0
24256,0
24257,0
24258,0
24259,0
24260,0
24261,0
24262,0
24263,0
24264,0
24265,0
24266,0
24267,0
24268,0
24269,0
24270,0
24271,0
24272,0
24273,2
24274,2
24275,0
24276,0
24277,0
24278,0
24279,0
24280,0
24281,0
24282,2
24283,2
24284,0
24285,0
24286,0
24287,0
24288,0
24289,0
24290,0
24291,0
24292,0
24293,0
24294,0
24295,0
24296,0
24297,0
24298,0
24299,0
24300,0
24301,0
24302,0
24303,0
24304,0
24305,0
24306,0
24307,0
24308,0
24309,0
24310,0
24311,0
24312,0
24313,0
24314,0
24315,0
24316,1
24317,0
24318,0
24319,0
24320,0
24321,0
24322,0
24323,0
24324,0
24325,0
24326,0
24327,0
24328,0
24329,0
24330,0
24331,0
24332,0
24333,0
24334,0
24335,0
24336,0
24337,0
24338,0
24339,0
24340,0
24341,0
24342,2
24343,0
24344,0
24345,0
24346,0
24347,0
24348,2
24349,0
24350,0
24351,0
24352,0
24353,0
24354,0
24355,0
24356,0
24357,0
24358,0
24359,0
24360,0
24361,0
24362,0
24363,0
24364,0
24365,0
24366,0
24367,0
24368,0
24369,0
24370,0
24371,0
24372,0
24373,0
24374,2
24375,0
24376,0
24377,0
24378,0
24379,0
24380,0
24381,0
24382,0
24383,0
24384,0
24385,0
24386,0
24387,0
24388,0
24389,0
24390,0
24391,0
24392,0
24393,0
24394,0
24395,0
24396,0
24397,0
24398,0
24399,0
24400,0
24401,0
24402,0
24403,0
24404,0
24405,0
24406,0
24407,0
24408,0
24409,0
24410,2
24411,2
24412,0
24413,0
24414,0
24415,0
24416,0
24417,0
24418,0
24419,2
24420,2
24421,0
24422,0
24423,0
24424,0
24425,0
24426,0
24427,0
24428,0
24429,0
24430,0
24431,2
24432,1
24433,0
24434,0
24435,0
24436,0
24437,0
24438,0
24439,0
24440,0
24441,0
24442,0
24443,0
24444,0
24445,0
24446,0
24447,0
24448,0
24449,0
24450,0
24451,0
24452,0
24453,1
24454,0
24455,0
24456,0
24457,0
24458,0
24459,0
24460,0
24461,0
24462,0
24463,0
24464,0
24465,0
24466,0
24467,0
24468,0
24469,0
24470,0
24471,0
24472,0
24473,0
24474,0
24475,0
24476,0
24477,0
24478,0
24479,2
24480,0
24481,0
24482,0
24483,0
24484,0
24485,0
24486,0
24487,0
24488,0
24489,0
24490,0
24491,2
24492,0
24493,0
24494,0
24495,0
24496,0
24497,0
24498,0
24499,0
24500,0
24501,0
24502,0
24503,0
24504,0
24505,0
24506,0
24507,0
24508,2
24509,0
24510,0
24511,2
24512,0
24513,0
24514,2
24515,0
24516,2
24517,0
24518,0
24519,0
24520,0
24521,0
24522,0
24523,0
24524,0
24525,0
24526,0
24527,0
24528,0
24529,0
24530,0
24531,0
24532,0
24533,0
24534,0
24535,0
24536,0
24537,0
24538,0
24539,0
24540,0
24541,0
24542,0
24543,0
24544,0
24545,0
24546,0
24547,2
24548,2
24549,0
24550,0
24551,0
24552,0
24553,0
24554,0
24555,0
24556,2
24557,2
24558,0
24559,0
24560,0
24561,0
24562,0
24563,0
24564,0
24565,0
24566,0
24567,0
24568,1
24569,0
24570,0
24571,0
24572,0
24573,0
24574,0
24575,0
24576,0
24577,0
24578,0
24579,0
24580,0
24581,0
24582,0
24583,0
24584,0
24585,0
24586,0
24587,0
24588,0
24589,0
24590,0
24591,0
24592,0
24593,0
24594,0
24595,0
24596,0
24597,0
24598,0
24599,0
24600,0
24601,0
24602,0
24603,0
24604,0
24605,0
24606,0
24607,0
24608,0
24609,0
24610,0
24611,0
24612,0
24613,0
24614,0
24615,0
24616,2
24617,0
24618,0
24619,0
24620,0
24621,2
24622,0
24623,0
24624,0
24625,0
24626,0
24627,0
24628,2
24629,0
24630,0
24631,0
24632,0
24633,0
24634,0
24635,0
24636,0
24637,0
24638,0
24639,0
24640,0
24641,0
24642,0
24643,0
24644,0
24645,2
24646,0
24647,0
24648,0
24649,0
24650,0
24651,0
24652,0
24653,0
24654,0
24655,0
24656,0
24657,0
24658,0
24659,0
24660,0
24661,0
24662,0
24663,0
24664,0
24665,0
24666,0
24667,0
24668,0
24669,0
24670,0
24671,0
24672,0
24673,0
24674,0
24675,0
24676,0
24677,0
24678,0
24679,0
24680,0
24681,0
24682,0
24683,0
24684,2
24685,2
24686,0
24687,2
24688,0
24689,2
24690,0
24691,0
24692,2
24693,2
24694,2
24695,2
24696,0
24697,0
24698,0
24699,0
24700,0
24701,0
24702,0
24703,0
24704,2
24705,2
24706,1
24707,0
24708,1
24709,0
24710,0
24711,0
24712,0
24713,0
24714,2
24715,0
24716,2
24717,0
24718,0
24719,0
24720,0
24721,0
24722,0
24723,0
24724,1
24725,0
24726,1
24727,1
24728,0
24729,0
24730,0
24731,0
24732,0
24733,0
24734,0
24735,0
24736,2
24737,0
24738,0
24739,2
24740,0
24741,0
24742,0
24743,0
24744,0
24745,0
24746,2
24747,0
24748,0
24749,2
24750,0
24751,0
24752,0
24753,2
24754,2
24755,0
24756,0
24757,0
24758,2
24759,2
24760,0
24761,0
24762,1
24763,0
24764,2
24765,2
24766,0
24767,0
24768,0
24769,2
24770,2
24771,0
24772,0
24773,0
24774,0
24775,0
24776,0
24777,0
24778,0
24779,0
24780,0
24781,0
24782,2
24783,0
24784,0
24785,2
24786,0
24787,0
24788,2
24789,1
24790,2
24791,0
24792,1
24793,0
24794,0
24795,0
24796,0
24797,0
24798,0
24799,0
24800,0
24801,0
24802,0
24803,0
24804,0
24805,0
24806,0
24807,0
24808,0
24809,0
24810,0
24811,0
24812,0
24813,0
24814,0
24815,0
24816,0
24817,0
24818,0
24819,0
24820,0
24821,2
24822,2
24823,0
24824,0
24825,0
24826,1
24827,0
24828,0
24829,2
24830,2
24831,2
24832,0
24833,0
24834,0
24835,0
24836,0
24837,0
24838,0
24839,0
24840,0
24841,0
24842,0
24843,0
24844,0
24845,0
24846,0
24847,0
24848,0
24849,0
24850,0
24851,2
24852,0
24853,0
24854,0
24855,0
24856,0
24857,0
24858,0
24859,0
24860,0
24861,0
24862,0
24863,0
24864,1
24865,0
24866,0
24867,0
24868,0
24869,0
24870,0
24871,0
24872,0
24873,0
24874,0
24875,0
24876,0
24877,0
24878,0
24879,0
24880,0
24881,0
24882,0
24883,0
24884,0
24885,0
24886,0
24887,0
24888,0
24889,0
24890,2
24891,1
24892,0
24893,0
24894,0
24895,2
24896,2
24897,0
24898,0
24899,0
24900,0
24901,0
24902,2
24903,0
24904,0
24905,0
24906,0
24907,0
24908,0
24909,0
24910,0
24911,0
24912,0
24913,0
24914,0
24915,0
24916,0
24917,0
24918,0
24919,2
24920,0
24921,0
24922,2
24923,0
24924,0
24925,0
24926,0
24927,2
24928,0
24929,0
24930,0
24931,0
24932,0
24933,0
24934,0
24935,0
24936,0
24937,0
24938,0
24939,0
24940,0
24941,0
24942,0
24943,0
24944,0
24945,0
24946,0
24947,0
24948,0
24949,0
24950,0
24951,0
24952,0
24953,0
24954,1
24955,0
24956,0
24957,0
24958,2
24959,2
24960,2
24961,2
24962,0
24963,2
24964,0
24965,0
24966,2
24967,2
24968,2
24969,2
24970,0
24971,0
24972,0
24973,0
24974,0
24975,0
24976,0
24977,0
24978,2
24979,2
24980,1
24981,0
24982,1
24983,0
24984,0
24985,0
24986,0
24987,2
24988,2
24989,0
24990,0
24991,0
24992,0
24993,0
24994,0
24995,0
24996,0
24997,0
24998,2
24999,0
25000,1
25001,0
25002,0
25003,0
25004,0
25005,0
25006,0
25007,0
25008,0
25009,0
25010,2
25011,2
25012,0
25013,2
25014,0
25015,2
25016,2
25017,0
25018,0
25019,0
25020,2
25021,0
25022,0
25023,2
25024,0
25025,0
25026,0
25027,2
25028,2
25029,0
25030,2
25031,0
25032,2
25033,2
25034,0
25035,0
25036,2
25037,0
25038,0
25039,2
25040,0
25041,0
25042,0
25043,2
25044,2
25045,0
25046,0
25047,1
25048,0
25049,0
25050,0
25051,0
25052,0
25053,0
25054,0
25055,0
25056,2
25057,0
25058,0
25059,1
25060,0
25061,0
25062,1
25063,2
25064,2
25065,0
25066,0
25067,0
25068,0
25069,0
25070,0
25071,0
25072,0
25073,0
25074,0
25075,0
25076,0
25077,0
25078,0
25079,0
25080,0
25081,0
25082,0
25083,0
25084,0
25085,0
25086,0
25087,0
25088,0
25089,0
25090,0
25091,0
25092,0
25093,0
25094,0
25095,2
25096,2
25097,0
25098,0
25099,0
25100,1
25101,0
25102,0
25103,0
25104,2
25105,2
25106,0
25107,0
25108,0
25109,0
25110,0
25111,0
25112,0
25113,0
25114,0
25115,0
25116,1
25117,1
25118,0
25119,0
25120,0
25121,0
25122,0
25123,0
25124,0
25125,0
25126,0
25127,0
25128,0
25129,0
25130,0
25131,0
25132,0
25133,0
25134,0
25135,0
25136,0
25137,1
25138,1
25139,0
25140,0
25141,0
25142,0
25143,0
25144,0
25145,0
25146,0
25147,0
25148,0
25149,0
25150,0
25151,0
25152,0
25153,0
25154,0
25155,0
25156,0
25157,0
25158,0
25159,0
25160,1
25161,0
25162,0
25163,0
25164,2
25165,0
25166,0
25167,0
25168,0
25169,0
25170,0
25171,0
25172,0
25173,0
25174,0
25175,0
25176,0
25177,0
25178,0
25179,0
25180,0
25181,1
25182,0
25183,0
25184,0
25185,0
25186,0
25187,0
25188,0
25189,0
25190,0
25191,0
25192,0
25193,0
25194,0
25195,0
25196,2
25197,0
25198,0
25199,0
25200,0
25201,0
25202,0
25203,0
25204,0
25205,0
25206,0
25207,0
25208,0
25209,0
25210,0
25211,0
25212,0
25213,0
25214,0
25215,0
25216,0
25217,0
25218,0
25219,0
25220,0
25221,0
25222,0
25223,0
25224,0
25225,0
25226,0
25227,0
25228,0
25229,0
25230,0
25231,0
25232,2
25233,2
25234,0
25235,2
25236,0
25237,1
25238,0
25239,0
25240,2
25241,2
25242,2
25243,0
25244,0
25245,0
25246,0
25247,0
25248,0
25249,0
25250,0
25251,0
25252,0
25253,1
25254,1
25255,0
25256,1
25257,0
25258,0
25259,0
25260,0
25261,0
25262,2
25263,0
25264,1
25265,0
25266,1
25267,0
25268,0
25269,0
25270,0
25271,0
25272,1
25273,0
25274,1
25275,2
25276,0
25277,1
25278,0
25279,0
25280,0
25281,0
25282,1
25283,0
25284,1
25285,1
25286,0
25287,1
25288,0
25289,0
25290,0
25291,0
25292,0
25293,0
25294,2
25295,0
25296,0
25297,1
25298,0
25299,0
25300,0
25301,2
25302,1
25303,0
25304,0
25305,0
25306,2
25307,2
25308,1
25309,0
25310,1
25311,0
25312,2
25313,2
25314,0
25315,1
25316,0
25317,0
25318,1
25319,0
25320,0
25321,0
25322,0
25323,0
25324,0
25325,0
25326,0
25327,1
25328,0
25329,0
25330,2
25331,0
25332,0
25333,2
25334,0
25335,0
25336,2
25337,0
25338,2
25339,0
25340,1
25341,0
25342,0
25343,0
25344,0
25345,0
25346,0
25347,0
25348,0
25349,0
25350,0
25351,0
25352,0
25353,0
25354,0
25355,0
25356,0
25357,0
25358,0
25359,0
25360,0
25361,0
25362,0
25363,0
25364,0
25365,0
25366,0
25367,0
25368,0
25369,2
25370,2
25371,0
25372,0
25373,0
25374,0
25375,0
25376,0
25377,2
25378,2
25379,2
25380,0
25381,0
25382,0
25383,0
25384,0
25385,0
25386,0
25387,0
25388,0
25389,0
25390,0
25391,1
25392,0
25393,0
25394,0
25395,0
25396,0
25397,0
25398,0
25399,0
25400,0
25401,0
25402,0
25403,0
25404,0
25405,0
25406,0
25407,0
25408,0
25409,0
25410,0
25411,0
25412,1
25413,0
25414,0
25415,0
25416,0
25417,0
25418,0
25419,0
25420,0
25421,0
25422,0
25423,0
25424,0
25425,0
25426,0
25427,0
25428,0
25429,0
25430,0
25431,0
25432,0
25433,0
25434,0
25435,0
25436,0
25437,0
25438,2
25439,0
25440,0
25441,0
25442,0
25443,0
25444,0
25445,0
25446,0
25447,0
25448,0
25449,0
25450,2
25451,0
25452,0
25453,0
25454,0
25455,0
25456,0
25457,0
25458,0
25459,0
25460,0
25461,0
25462,0
25463,0
25464,0
25465,0
25466,0
25467,2
25468,0
25469,0
25470,2
25471,0
25472,0
25473,0
25474,0
25475,2
25476,0
25477,0
25478,0
25479,0
25480,0
25481,0
25482,0
25483,0
25484,0
25485,0
25486,0
25487,0
25488,0
25489,0
25490,0
25491,0
25492,0
25493,0
25494,0
25495,0
25496,0
25497,0
25498,0
25499,0
25500,0
25501,0
25502,0
25503,0
25504,0
25505,0
25506,2
25507,2
25508,0
25509,0
25510,0
25511,0
25512,0
25513,0
25514,0
25515,2
25516,2
25517,0
25518,0
25519,0
25520,0
25521,0
25522,0
25523,0
25524,0
25525,0
25526,0
25527,0
25528,1
25529,0
25530,0
25531,0
25532,0
25533,0
25534,0
25535,0
25536,0
25537,0
25538,0
25539,0
25540,0
25541,0
25542,0
25543,0
25544,0
25545,0
25546,0
25547,0
25548,0
25549,1
25550,0
25551,0
25552,0
25553,0
25554,0
25555,0
25556,0
25557,0
25558,0
25559,0
25560,0
25561,0
25562,0
25563,0
25564,0
25565,0
25566,0
25567,0
25568,0
25569,0
25570,0
25571,0
25572,0
25573,0
25574,0
25575,2
25576,0
25577,0
25578,0
25579,0
25580,0
25581,0
25582,0
25583,0
25584,0
25585,0
25586,0
25587,0
25588,0
25589,0
25590,0
25591,0
25592,0
25593,0
25594,0
25595,0
25596,0
25597,0
25598,0
25599,0
25600,0
25601,0
25602,0
25603,0
25604,0
25605,0
25606,0
25607,2
25608,0
25609,0
25610,0
25611,0
25612,2
25613,0
25614,0
25615,0
25616,0
25617,0
25618,0
25619,0
25620,0
25621,0
25622,0
25623,0
25624,0
25625,0
25626,0
25627,0
25628,0
25629,0
25630,0
25631,0
25632,0
25633,0
25634,0
25635,0
25636,0
25637,0
25638,0
25639,0
25640,0
25641,0
25642,0
25643,2
25644,2
25645,0
25646,0
25647,0
25648,0
25649,0
25650,0
25651,2
25652,2
25653,2
25654,0
25655,0
25656,0
25657,0
25658,0
25659,0
25660,0
25661,0
25662,0
25663,0
25664,0
25665,0
25666,0
25667,0
25668,0
25669,0
25670,0
25671,0
25672,0
25673,0
25674,0
25675,0
25676,0
25677,0
25678,0
25679,0
25680,0
25681,0
25682,0
25683,0
25684,0
25685,0
25686,0
25687,0
25688,0
25689,0
25690,0
25691,0
25692,0
25693,0
25694,0
25695,0
25696,0
25697,0
25698,0
25699,0
25700,0
25701,0
25702,0
25703,0
25704,0
25705,0
25706,0
25707,0
25708,0
25709,0
25710,0
25711,0
25712,2
25713,0
25714,0
25715,0
25716,0
25717,0
25718,0
25719,0
25720,0
25721,0
25722,0
25723,0
25724,2
25725,0
25726,0
25727,0
25728,0
25729,0
25730,0
25731,0
25732,0
25733,0
25734,0
25735,0
25736,0
25737,0
25738,0
25739,0
25740,0
25741,2
25742,0
25743,0
25744,2
25745,0
25746,0
25747,0
25748,0
25749,0
25750,0
25751,0
25752,0
25753,0
25754,0
25755,0
25756,0
25757,0
25758,0
25759,0
25760,0
25761,0
25762,0
25763,0
25764,0
25765,0
25766,0
25767,0
25768,0
25769,0
25770,0
25771,0
25772,0
25773,0
25774,0
25775,0
25776,0
25777,0
25778,0
25779,0
25780,2
25781,2
25782,0
25783,0
25784,0
25785,0
25786,0
25787,0
25788,0
25789,2
25790,2
25791,0
25792,0
25793,0
25794,0
25795,0
25796,0
25797,0
25798,0
25799,0
25800,0
25801,1
25802,0
25803,0
25804,0
25805,0
25806,0
25807,0
25808,0
25809,0
25810,0
25811,0
25812,0
25813,0
25814,0
25815,0
25816,0
25817,0
25818,0
25819,0
25820,0
25821,0
25822,0
25823,0
25824,0
25825,0
25826,0
25827,0
25828,0
25829,0
25830,0
25831,0
25832,0
25833,0
25834,0
25835,0
25836,0
25837,0
25838,0
25839,0
25840,0
25841,0
25842,0
25843,0
25844,0
25845,0
25846,0
25847,0
25848,0
25849,2
25850,0
25851,0
25852,0
25853,0
25854,1
25855,1
25856,0
25857,0
25858,0
25859,0
25860,0
25861,2
25862,0
25863,0
25864,0
25865,0
25866,0
25867,0
25868,0
25869,0
25870,0
25871,0
25872,0
25873,0
25874,0
25875,0
25876,0
25877,0
25878,2
25879,0
25880,0
25881,1
25882,0
25883,0
25884,2
25885,0
25886,0
25887,0
25888,1
25889,0
25890,0
25891,0
25892,0
25893,0
25894,0
25895,0
25896,0
25897,0
25898,0
25899,0
25900,0
25901,0
25902,0
25903,0
25904,0
25905,0
25906,0
25907,0
25908,0
25909,0
25910,0
25911,0
25912,0
25913,0
25914,0
25915,0
25916,0
25917,2
25918,2
25919,0
25920,0
25921,0
25922,0
25923,0
25924,0
25925,2
25926,2
25927,2
25928,0
25929,0
25930,0
25931,0
25932,0
25933,0
25934,0
25935,0
25936,0
25937,0
25938,1
25939,0
25940,0
25941,0
25942,0
25943,0
25944,0
25945,0
25946,0
25947,0
25948,0
25949,0
25950,0
25951,0
25952,0
25953,0
25954,0
25955,0
25956,0
25957,0
25958,0
25959,0
25960,0
25961,0
25962,0
25963,0
25964,0
25965,0
25966,0
25967,0
25968,0
25969,0
25970,0
25971,0
25972,0
25973,0
25974,0
25975,0
25976,0
25977,0
25978,0
25979,0
25980,0
25981,0
25982,0
25983,0
25984,0
25985,0
25986,2
25987,0
25988,0
25989,0
25990,0
25991,0
25992,2
25993,0
25994,0
25995,0
25996,0
25997,0
25998,2
25999,0
26000,0
26001,0
26002,0
26003,1
26004,0
26005,0
26006,0
26007,0
26008,0
26009,0
26010,0
26011,0
26012,0
26013,0
26014,0
26015,2
26016,0
26017,0
26018,2
26019,0
26020,0
26021,0
26022,0
26023,2
26024,0
26025,0
26026,0
26027,0
26028,0
26029,0
26030,0
26031,0
26032,0
26033,0
26034,0
26035,0
26036,0
26037,0
26038,0
26039,0
26040,0
26041,0
26042,0
26043,0
26044,0
26045,0
26046,0
26047,0
26048,0
26049,0
26050,0
26051,0
26052,0
26053,0
26054,2
26055,2
26056,0
26057,0
26058,0
26059,2
26060,0
26061,0
26062,2
26063,2
26064,2
26065,0
26066,0
26067,0
26068,0
26069,0
26070,0
26071,0
26072,0
26073,0
26074,0
26075,2
26076,2
26077,0
26078,0
26079,0
26080,0
26081,0
26082,0
26083,0
26084,0
26085,0
26086,0
26087,0
26088,0
26089,0
26090,0
26091,0
26092,0
26093,0
26094,2
26095,0
26096,1
26097,1
26098,0
26099,0
26100,0
26101,0
26102,0
26103,0
26104,0
26105,0
26106,0
26107,0
26108,0
26109,0
26110,0
26111,0
26112,0
26113,0
26114,0
26115,0
26116,2
26117,0
26118,0
26119,2
26120,0
26121,0
26122,0
26123,2
26124,2
26125,0
26126,0
26127,0
26128,0
26129,2
26130,0
26131,0
26132,2
26133,0
26134,2
26135,2
26136,0
26137,0
26138,0
26139,0
26140,1
26141,0
26142,0
26143,0
26144,0
26145,0
26146,0
26147,0
26148,0
26149,0
26150,0
26151,0
26152,2
26153,0
26154,0
26155,2
26156,0
26157,0
26158,2
26159,0
26160,2
26161,0
26162,0
26163,0
26164,0
26165,0
26166,0
26167,0
26168,0
26169,0
26170,0
26171,0
26172,0
26173,0
26174,0
26175,0
26176,0
26177,0
26178,0
26179,0
26180,0
26181,0
26182,0
26183,0
26184,0
26185,0
26186,0
26187,0
26188,0
26189,0
26190,0
26191,2
26192,2
26193,0
26194,0
26195,0
26196,0
26197,0
26198,0
26199,2
26200,2
26201,2
26202,0
26203,0
26204,0
26205,0
26206,0
26207,0
26208,0
26209,0
26210,0
26211,0
26212,0
26213,0
26214,0
26215,0
26216,0
26217,0
26218,0
26219,0
26220,0
26221,0
26222,0
26223,0
26224,0
26225,0
26226,0
26227,0
26228,0
26229,0
26230,0
26231,0
26232,0
26233,0
26234,0
26235,0
26236,0
26237,0
26238,0
26239,0
26240,0
26241,0
26242,0
26243,0
26244,0
26245,0
26246,0
26247,0
26248,0
26249,0
26250,0
26251,0
26252,0
26253,0
26254,0
26255,0
26256,0
26257,0
26258,0
26259,0
26260,0
26261,0
26262,0
26263,0
26264,0
26265,0
26266,0
26267,0
26268,0
26269,0
26270,0
26271,0
26272,2
26273,0
26274,0
26275,0
26276,0
26277,0
26278,0
26279,0
26280,0
26281,0
26282,0
26283,0
26284,0
26285,0
26286,0
26287,0
26288,0
26289,0
26290,0
26291,0
26292,2
26293,0
26294,0
26295,0
26296,0
26297,0
26298,0
26299,0
26300,0
26301,0
26302,0
26303,0
26304,0
26305,0
26306,0
26307,0
26308,0
26309,0
26310,0
26311,0
26312,0
26313,0
26314,0
26315,0
26316,0
26317,0
26318,0
26319,0
26320,0
26321,0
26322,0
26323,0
26324,0
26325,0
26326,0
26327,0
26328,2
26329,2
26330,0
26331,0
26332,0
26333,1
26334,0
26335,0
26336,2
26337,2
26338,2
26339,0
26340,0
26341,0
26342,0
26343,0
26344,0
26345,0
26346,0
26347,0
26348,0
26349,1
26350,1
26351,0
26352,0
26353,0
26354,0
26355,0
26356,0
26357,0
26358,0
26359,0
26360,0
26361,0
26362,0
26363,0
26364,0
26365,0
26366,0
26367,0
26368,0
26369,0
26370,1
26371,1
26372,0
26373,0
26374,0
26375,0
26376,0
26377,0
26378,0
26379,0
26380,0
26381,0
26382,0
26383,0
26384,0
26385,0
26386,0
26387,0
26388,0
26389,0
26390,1
26391,0
26392,0
26393,1
26394,0
26395,0
26396,0
26397,2
26398,0
26399,0
26400,0
26401,0
26402,1
26403,0
26404,0
26405,0
26406,1
26407,1
26408,0
26409,0
26410,0
26411,0
26412,0
26413,0
26414,1
26415,0
26416,0
26417,0
26418,0
26419,0
26420,0
26421,0
26422,0
26423,0
26424,0
26425,0
26426,2
26427,0
26428,0
26429,2
26430,0
26431,0
26432,0
26433,0
26434,2
26435,0
26436,0
26437,0
26438,0
26439,0
26440,0
26441,0
26442,0
26443,0
26444,0
26445,0
26446,0
26447,0
26448,0
26449,0
26450,0
26451,0
26452,0
26453,0
26454,0
26455,0
26456,0
26457,0
26458,0
26459,0
26460,0
26461,0
26462,0
26463,0
26464,0
26465,2
26466,2
26467,0
26468,0
26469,0
26470,1
26471,0
26472,0
26473,2
26474,2
26475,2
26476,0
26477,0
26478,0
26479,0
26480,0
26481,0
26482,0
26483,0
26484,0
26485,0
26486,1
26487,1
26488,0
26489,0
26490,0
26491,0
26492,0
26493,0
26494,0
26495,0
26496,0
26497,0
26498,0
26499,0
26500,0
26501,0
26502,0
26503,0
26504,0
26505,0
26506,0
26507,1
26508,1
26509,0
26510,0
26511,0
26512,0
26513,0
26514,0
26515,0
26516,0
26517,0
26518,0
26519,0
26520,0
26521,0
26522,0
26523,0
26524,0
26525,0
26526,0
26527,1
26528,0
26529,0
26530,1
26531,0
26532,0
26533,0
26534,2
26535,1
26536,0
26537,0
26538,0
26539,1
26540,2
26541,0
26542,0
26543,1
26544,1
26545,1
26546,2
26547,0
26548,0
26549,0
26550,0
26551,1
26552,0
26553,0
26554,0
26555,0
26556,0
26557,0
26558,0
26559,0
26560,0
26561,0
26562,0
26563,2
26564,0
26565,0
26566,2
26567,0
26568,0
26569,2
26570,2
26571,2
26572,0
26573,1
26574,0
26575,0
26576,0
26577,0
26578,0
26579,0
26580,0
26581,0
26582,0
26583,0
26584,0
26585,0
26586,0
26587,0
26588,0
26589,0
26590,0
26591,0
26592,0
26593,0
26594,0
26595,0
26596,0
26597,0
26598,0
26599,0
26600,0
26601,0
26602,2
26603,2
26604,0
26605,0
26606,0
26607,0
26608,0
26609,0
26610,0
26611,2
26612,2
26613,0
26614,0
26615,0
26616,0
26617,0
26618,0
26619,0
26620,0
26621,0
26622,0
26623,2
26624,0
26625,0
26626,0
26627,0
26628,0
26629,0
26630,0
26631,0
26632,0
26633,0
26634,0
26635,0
26636,0
26637,0
26638,0
26639,0
26640,0
26641,0
26642,0
26643,0
26644,0
26645,0
26646,0
26647,0
26648,0
26649,0
26650,0
26651,0
26652,0
26653,0
26654,0
26655,0
26656,0
26657,0
26658,0
26659,0
26660,0
26661,0
26662,0
26663,0
26664,0
26665,0
26666,0
26667,0
26668,0
26669,0
26670,0
26671,2
26672,0
26673,0
26674,0
26675,0
26676,0
26677,0
26678,0
26679,0
26680,0
26681,0
26682,0
26683,2
26684,0
26685,0
26686,0
26687,0
26688,0
26689,0
26690,0
26691,0
26692,0
26693,0
26694,0
26695,0
26696,0
26697,0
26698,0
26699,0
26700,2
26701,0
26702,0
26703,2
26704,0
26705,0
26706,0
26707,0
26708,0
26709,0
26710,0
26711,0
26712,0
26713,0
26714,0
26715,0
26716,0
26717,0
26718,0
26719,0
26720,0
26721,0
26722,0
26723,0
26724,0
26725,0
26726,0
26727,0
26728,0
26729,0
26730,0
26731,0
26732,0
26733,0
26734,0
26735,0
26736,0
26737,0
26738,0
26739,2
26740,2
26741,0
26742,0
26743,0
26744,1
26745,0
26746,0
26747,2
26748,2
26749,2
26750,0
26751,0
26752,0
26753,0
26754,0
26755,0
26756,0
26757,0
26758,0
26759,0
26760,2
26761,1
26762,0
26763,0
26764,0
26765,0
26766,0
26767,0
26768,0
26769,0
26770,0
26771,0
26772,0
26773,0
26774,0
26775,0
26776,0
26777,0
26778,0
26779,0
26780,0
26781,0
26782,1
26783,0
26784,0
26785,0
26786,0
26787,0
26788,0
26789,0
26790,0
26791,0
26792,0
26793,0
26794,0
26795,0
26796,0
26797,0
26798,0
26799,0
26800,0
26801,0
26802,0
26803,0
26804,0
26805,0
26806,0
26807,0
26808,2
26809,0
26810,0
26811,0
26812,0
26813,0
26814,2
26815,0
26816,0
26817,0
26818,1
26819,0
26820,2
26821,0
26822,0
26823,0
26824,0
26825,2
26826,0
26827,0
26828,0
26829,0
26830,0
26831,0
26832,0
26833,0
26834,0
26835,0
26836,0
26837,2
26838,0
26839,0
26840,2
26841,0
26842,0
26843,2
26844,2
26845,2
26846,0
26847,1
26848,0
26849,0
26850,0
26851,0
26852,0
26853,0
26854,0
26855,0
26856,0
26857,0
26858,0
26859,0
26860,0
26861,0
26862,0
26863,0
26864,0
26865,0
26866,0
26867,0
26868,0
26869,0
26870,0
26871,0
26872,0
26873,0
26874,0
26875,0
26876,2
26877,2
26878,0
26879,0
26880,0
26881,0
26882,0
26883,0
26884,0
26885,2
26886,2
26887,0
26888,0
26889,0
26890,0
26891,0
26892,0
26893,0
26894,0
26895,0
26896,0
26897,2
26898,0
26899,0
26900,0
26901,0
26902,0
26903,0
26904,0
26905,0
26906,0
26907,0
26908,0
26909,0
26910,0
26911,0
26912,0
26913,0
26914,0
26915,0
26916,0
26917,0
26918,0
26919,0
26920,0
26921,0
26922,0
26923,0
26924,0
26925,0
26926,0
26927,0
26928,0
26929,0
26930,0
26931,0
26932,0
26933,0
26934,0
26935,0
26936,0
26937,0
26938,0
26939,0
26940,0
26941,0
26942,0
26943,0
26944,0
26945,2
26946,0
26947,0
26948,0
26949,0
26950,0
26951,0
26952,0
26953,0
26954,0
26955,0
26956,0
26957,2
26958,0
26959,0
26960,0
26961,0
26962,0
26963,0
26964,0
26965,0
26966,0
26967,0
26968,0
26969,0
26970,0
26971,0
26972,0
26973,0
26974,2
26975,0
26976,0
26977,2
26978,0
26979,0
26980,0
26981,0
26982,0
26983,0
26984,0
26985,0
26986,0
26987,0
26988,0
26989,0
26990,0
26991,0
26992,0
26993,0
26994,0
26995,0
26996,0
26997,0
26998,0
26999,0
27000,0
27001,0
27002,0
27003,0
27004,0
27005,0
27006,0
27007,0
27008,0
27009,0
27010,0
27011,0
27012,0
27013,2
27014,2
27015,0
27016,0
27017,0
27018,1
27019,0
27020,0
27021,0
27022,2
27023,2
27024,0
27025,0
27026,0
27027,0
27028,0
27029,0
27030,0
27031,0
27032,0
27033,0
27034,1
27035,0
27036,0
27037,0
27038,0
27039,0
27040,0
27041,0
27042,0
27043,0
27044,0
27045,1
27046,0
27047,0
27048,0
27049,0
27050,0
27051,0
27052,0
27053,0
27054,0
27055,0
27056,1
27057,0
27058,0
27059,0
27060,0
27061,0
27062,0
27063,0
27064,0
27065,0
27066,0
27067,0
27068,0
27069,0
27070,0
27071,0
27072,0
27073,0
27074,0
27075,0
27076,0
27077,0
27078,0
27079,0
27080,0
27081,0
27082,2
27083,0
27084,0
27085,0
27086,0
27087,1
27088,0
27089,0
27090,0
27091,0
27092,0
27093,0
27094,2
27095,0
27096,0
27097,0
27098,0
27099,1
27100,0
27101,0
27102,0
27103,0
27104,0
27105,0
27106,0
27107,0
27108,0
27109,0
27110,0
27111,2
27112,0
27113,0
27114,2
27115,0
27116,0
27117,0
27118,0
27119,2
27120,0
27121,1
27122,0
27123,0
27124,0
27125,0
27126,0
27127,0
27128,0
27129,0
27130,0
27131,0
27132,0
27133,0
27134,0
27135,0
27136,0
27137,0
27138,0
27139,0
27140,0
27141,0
27142,0
27143,0
27144,0
27145,0
27146,0
27147,0
27148,0
27149,0
27150,2
27151,2
27152,0
27153,0
27154,0
27155,0
27156,0
27157,0
27158,0
27159,2
27160,2
27161,0
27162,0
27163,0
27164,0
27165,0
27166,0
27167,0
27168,0
27169,0
27170,0
27171,0
27172,0
27173,0
27174,0
27175,0
27176,0
27177,0
27178,0
27179,0
27180,0
27181,0
27182,0
27183,0
27184,0
27185,0
27186,0
27187,0
27188,0
27189,0
27190,0
27191,0
27192,0
27193,0
27194,0
27195,0
27196,0
27197,0
27198,0
27199,0
27200,0
27201,0
27202,0
27203,0
27204,0
27205,0
27206,0
27207,0
27208,0
27209,0
27210,0
27211,0
27212,0
27213,0
27214,0
27215,0
27216,0
27217,0
27218,0
27219,0
27220,0
27221,0
27222,0
27223,0
27224,0
27225,0
27226,0
27227,0
27228,0
27229,0
27230,0
27231,0
27232,0
27233,0
27234,0
27235,0
27236,2
27237,0
27238,0
27239,0
27240,0
27241,0
27242,0
27243,0
27244,0
27245,0
27246,0
27247,0
27248,0
27249,0
27250,0
27251,2
27252,0
27253,0
27254,0
27255,0
27256,0
27257,0
27258,0
27259,0
27260,0
27261,0
27262,0
27263,0
27264,0
27265,0
27266,0
27267,0
27268,0
27269,0
27270,0
27271,0
27272,0
27273,0
27274,0
27275,0
27276,0
27277,0
27278,0
27279,0
27280,0
27281,0
27282,0
27283,0
27284,0
27285,0
27286,0
27287,2
27288,2
27289,0
27290,0
27291,0
27292,0
27293,0
27294,0
27295,0
27296,2
27297,2
27298,0
27299,0
27300,0
27301,0
27302,0
27303,0
27304,0
27305,0
27306,0
27307,0
27308,2
27309,2
27310,0
27311,0
27312,0
27313,0
27314,0
27315,0
27316,0
27317,0
27318,0
27319,0
27320,0
27321,0
27322,0
27323,0
27324,0
27325,0
27326,0
27327,0
27328,0
27329,0
27330,1
27331,0
27332,0
27333,0
27334,0
27335,0
27336,0
27337,0
27338,0
27339,0
27340,0
27341,0
27342,0
27343,0
27344,0
27345,0
27346,0
27347,0
27348,0
27349,0
27350,0
27351,0
27352,2
27353,0
27354,0
27355,0
27356,2
27357,2
27358,0
27359,0
27360,0
27361,0
27362,0
27363,0
27364,0
27365,0
27366,0
27367,0
27368,2
27369,0
27370,0
27371,0
27372,0
27373,2
27374,0
27375,0
27376,0
27377,0
27378,0
27379,0
27380,0
27381,0
27382,0
27383,0
27384,0
27385,2
27386,0
27387,0
27388,2
27389,0
27390,0
27391,0
27392,0
27393,0
27394,0
27395,0
27396,0
27397,0
27398,0
27399,0
27400,0
27401,0
27402,0
27403,0
27404,0
27405,0
27406,0
27407,0
27408,0
27409,0
27410,0
27411,0
27412,0
27413,0
27414,0
27415,0
27416,0
27417,0
27418,0
27419,0
27420,0
27421,0
27422,0
27423,0
27424,2
27425,2
27426,0
27427,0
27428,0
27429,1
27430,0
27431,0
27432,2
27433,2
27434,2
27435,0
27436,0
27437,0
27438,0
27439,0
27440,0
27441,0
27442,0
27443,0
27444,0
27445,1
27446,1
27447,0
27448,0
27449,0
27450,0
27451,0
27452,0
27453,0
27454,0
27455,0
27456,0
27457,0
27458,0
27459,0
27460,0
27461,0
27462,0
27463,0
27464,0
27465,0
27466,0
27467,1
27468,0
27469,0
27470,0
27471,0
27472,0
27473,0
27474,0
27475,0
27476,0
27477,0
27478,0
27479,0
27480,0
27481,0
27482,0
27483,0
27484,0
27485,0
27486,2
27487,0
27488,0
27489,2
27490,0
27491,0
27492,0
27493,2
27494,2
27495,0
27496,0
27497,0
27498,1
27499,0
27500,0
27501,0
27502,2
27503,0
27504,0
27505,2
27506,0
27507,0
27508,0
27509,0
27510,1
27511,0
27512,0
27513,0
27514,0
27515,0
27516,0
27517,0
27518,0
27519,0
27520,0
27521,0
27522,2
27523,0
27524,0
27525,2
27526,0
27527,0
27528,2
27529,0
27530,2
27531,0
27532,1
27533,0
27534,0
27535,0
27536,0
27537,0
27538,0
27539,0
27540,0
27541,0
27542,0
27543,0
27544,0
27545,0
27546,0
27547,0
27548,0
27549,0
27550,0
27551,0
27552,0
27553,0
27554,0
27555,0
27556,0
27557,0
27558,0
27559,0
27560,0
27561,2
27562,2
27563,0
27564,0
27565,0
27566,0
27567,0
27568,0
27569,2
27570,2
27571,2
27572,0
27573,0
27574,0
27575,0
27576,0
27577,0
27578,0
27579,0
27580,0
27581,0
27582,0
27583,0
27584,0
27585,0
27586,0
27587,0
27588,0
27589,0
27590,0
27591,0
27592,0
27593,0
27594,0
27595,0
27596,0
27597,0
27598,0
27599,0
27600,0
27601,0
27602,0
27603,0
27604,0
27605,0
27606,0
27607,0
27608,0
27609,0
27610,0
27611,0
27612,0
27613,0
27614,0
27615,0
27616,0
27617,0
27618,0
27619,0
27620,0
27621,0
27622,0
27623,0
27624,0
27625,0
27626,0
27627,0
27628,0
27629,0
27630,0
27631,0
27632,0
27633,0
27634,0
27635,0
27636,0
27637,0
27638,0
27639,0
27640,0
27641,0
27642,0
27643,0
27644,0
27645,0
27646,0
27647,0
27648,0
27649,0
27650,0
27651,0
27652,0
27653,0
27654,0
27655,0
27656,0
27657,0
27658,0
27659,2
27660,0
27661,0
27662,2
27663,0
27664,0
27665,0
27666,0
27667,0
27668,0
27669,0
27670,0
27671,0
27672,0
27673,0
27674,0
27675,0
27676,0
27677,0
27678,0
27679,0
27680,0
27681,0
27682,0
27683,0
27684,0
27685,0
27686,0
27687,0
27688,0
27689,0
27690,0
27691,0
27692,0
27693,0
27694,0
27695,0
27696,0
27697,0
27698,2
27699,2
27700,0
27701,0
27702,0
27703,0
27704,0
27705,0
27706,0
27707,2
27708,2
27709,0
27710,0
27711,0
27712,0
27713,0
27714,0
27715,0
27716,0
27717,0
27718,0
27719,0
27720,0
27721,0
27722,0
27723,0
27724,0
27725,0
27726,0
27727,0
27728,0
27729,0
27730,0
27731,0
27732,0
27733,0
27734,0
27735,0
27736,0
27737,0
27738,0
27739,0
27740,0
27741,0
27742,0
27743,0
27744,0
27745,0
27746,0
27747,0
27748,0
27749,0
27750,0
27751,0
27752,0
27753,0
27754,0
27755,0
27756,0
27757,0
27758,0
27759,0
27760,0
27761,0
27762,0
27763,0
27764,0
27765,0
27766,0
27767,2
27768,0
27769,0
27770,0
27771,0
27772,0
27773,2
27774,0
27775,0
27776,0
27777,0
27778,0
27779,2
27780,0
27781,0
27782,0
27783,0
27784,0
27785,0
27786,0
27787,0
27788,0
27789,0
27790,0
27791,0
27792,0
27793,0
27794,0
27795,0
27796,2
27797,0
27798,0
27799,2
27800,0
27801,0
27802,0
27803,0
27804,2
27805,0
27806,0
27807,0
27808,0
27809,0
27810,0
27811,0
27812,0
27813,0
27814,0
27815,0
27816,0
27817,0
27818,0
27819,0
27820,0
27821,0
27822,0
27823,0
27824,0
27825,0
27826,0
27827,0
27828,0
27829,0
27830,0
27831,0
27832,0
27833,0
27834,0
27835,2
27836,2
27837,0
27838,0
27839,0
27840,1
27841,0
27842,0
27843,2
27844,2
27845,2
27846,0
27847,0
27848,0
27849,0
27850,0
27851,0
27852,0
27853,0
27854,0
27855,0
27856,2
27857,1
27858,0
27859,0
27860,0
27861,0
27862,0
27863,0
27864,0
27865,0
27866,0
27867,1
27868,0
27869,1
27870,0
27871,0
27872,0
27873,0
27874,0
27875,0
27876,0
27877,0
27878,1
27879,0
27880,0
27881,0
27882,0
27883,0
27884,0
27885,0
27886,0
27887,2
27888,0
27889,0
27890,2
27891,0
27892,0
27893,0
27894,0
27895,0
27896,0
27897,2
27898,0
27899,0
27900,2
27901,0
27902,0
27903,0
27904,2
27905,1
27906,0
27907,0
27908,0
27909,0
27910,2
27911,0
27912,0
27913,1
27914,1
27915,2
27916,2
27917,0
27918,0
27919,0
27920,0
27921,1
27922,0
27923,0
27924,0
27925,0
27926,0
27927,0
27928,0
27929,0
27930,0
27931,0
27932,0
27933,2
27934,0
27935,0
27936,2
27937,0
27938,0
27939,2
27940,0
27941,2
27942,0
27943,1
27944,0
27945,0
27946,0
27947,0
27948,0
27949,0
27950,0
27951,0
27952,0
27953,0
27954,0
27955,0
27956,0
27957,0
27958,0
27959,0
27960,0
27961,0
27962,0
27963,0
27964,0
27965,0
27966,0
27967,0
27968,0
27969,0
27970,0
27971,0
27972,2
27973,2
27974,0
27975,0
27976,0
27977,1
27978,0
27979,0
27980,2
27981,2
27982,2
27983,0
27984,0
27985,0
27986,0
27987,0
27988,0
27989,0
27990,0
27991,0
27992,0
27993,2
27994,1
27995,0
27996,0
27997,0
27998,0
27999,0
28000,0
28001,0
28002,0
28003,0
28004,1
28005,0
28006,0
28007,0
28008,0
28009,0
28010,0
28011,0
28012,0
28013,0
28014,1
28015,1
28016,0
28017,0
28018,0
28019,0
28020,0
28021,0
28022,0
28023,0
28024,2
28025,0
28026,0
28027,2
28028,0
28029,0
28030,0
28031,0
28032,0
28033,0
28034,2
28035,0
28036,0
28037,2
28038,0
28039,0
28040,0
28041,2
28042,2
28043,0
28044,0
28045,0
28046,0
28047,2
28048,0
28049,0
28050,1
28051,1
28052,1
28053,2
28054,0
28055,0
28056,0
28057,0
28058,1
28059,0
28060,0
28061,0
28062,0
28063,0
28064,0
28065,0
28066,0
28067,0
28068,0
28069,0
28070,2
28071,0
28072,0
28073,2
28074,0
28075,0
28076,2
28077,0
28078,2
28079,0
28080,1
28081,0
28082,0
28083,0
28084,0
28085,0
28086,0
28087,0
28088,0
28089,0
28090,0
28091,0
28092,0
28093,0
28094,0
28095,0
28096,0
28097,0
28098,0
28099,0
28100,0
28101,0
28102,0
28103,0
28104,0
28105,0
28106,0
28107,0
28108,0
28109,2
28110,2
28111,0
28112,0
28113,0
28114,0
28115,0
28116,0
28117,0
28118,2
28119,2
28120,0
28121,0
28122,0
28123,0
28124,0
28125,0
28126,0
28127,0
28128,0
28129,0
28130,0
28131,0
28132,0
28133,0
28134,0
28135,0
28136,0
28137,0
28138,0
28139,0
28140,0
28141,0
28142,0
28143,0
28144,0
28145,0
28146,0
28147,0
28148,0
28149,0
28150,0
28151,0
28152,1
28153,0
28154,0
28155,0
28156,0
28157,0
28158,0
28159,0
28160,0
28161,0
28162,0
28163,0
28164,0
28165,0
28166,0
28167,0
28168,0
28169,0
28170,0
28171,0
28172,0
28173,0
28174,0
28175,0
28176,0
28177,0
28178,2
28179,0
28180,0
28181,0
28182,0
28183,0
28184,0
28185,0
28186,0
28187,0
28188,0
28189,0
28190,0
28191,0
28192,0
28193,0
28194,0
28195,0
28196,0
28197,0
28198,0
28199,0
28200,0
28201,0
28202,0
28203,0
28204,0
28205,0
28206,0
28207,0
28208,0
28209,0
28210,2
28211,0
28212,0
28213,0
28214,0
28215,2
28216,0
28217,0
28218,0
28219,0
28220,0
28221,0
28222,0
28223,0
28224,0
28225,0
28226,0
28227,0
28228,0
28229,0
28230,0
28231,0
28232,0
28233,0
28234,0
28235,0
28236,0
28237,0
28238,0
28239,0
28240,0
28241,0
28242,0
28243,0
28244,0
28245,0
28246,2
28247,2
28248,0
28249,0
28250,0
28251,0
28252,0
28253,0
28254,0
28255,2
28256,2
28257,0
28258,0
28259,0
28260,0
28261,0
28262,0
28263,0
28264,0
28265,0
28266,0
28267,0
28268,0
28269,0
28270,0
28271,0
28272,0
28273,0
28274,0
28275,0
28276,0
28277,0
28278,0
28279,0
28280,0
28281,0
28282,0
28283,0
28284,0
28285,0
28286,0
28287,0
28288,0
28289,1
28290,0
28291,0
28292,0
28293,0
28294,0
28295,0
28296,0
28297,0
28298,0
28299,0
28300,0
28301,0
28302,0
28303,0
28304,0
28305,0
28306,0
28307,0
28308,0
28309,0
28310,0
28311,0
28312,0
28313,0
28314,0
28315,2
28316,0
28317,0
28318,0
28319,0
28320,0
28321,0
28322,0
28323,0
28324,0
28325,0
28326,0
28327,0
28328,0
28329,0
28330,0
28331,0
28332,0
28333,0
28334,0
28335,0
28336,0
28337,0
28338,0
28339,0
28340,0
28341,0
28342,0
28343,0
28344,0
28345,0
28346,0
28347,2
28348,0
28349,0
28350,0
28351,0
28352,2
28353,0
28354,0
28355,0
28356,0
28357,0
28358,0
28359,0
28360,0
28361,0
28362,0
28363,0
28364,0
28365,0
28366,0
28367,0
28368,0
28369,0
28370,0
28371,0
28372,0
28373,0
28374,0
28375,0
28376,0
28377,0
28378,0
28379,0
28380,0
28381,0
28382,0
28383,2
28384,2
28385,0
28386,0
28387,0
28388,1
28389,0
28390,0
28391,2
28392,2
28393,2
28394,0
28395,0
28396,0
28397,0
28398,0
28399,0
28400,0
28401,0
28402,0
28403,2
28404,1
28405,0
28406,0
28407,0
28408,0
28409,0
28410,0
28411,0
28412,0
28413,0
28414,0
28415,1
28416,0
28417,0
28418,0
28419,0
28420,0
28421,0
28422,0
28423,0
28424,0
28425,0
28426,1
28427,0
28428,0
28429,0
28430,0
28431,0
28432,0
28433,0
28434,0
28435,0
28436,0
28437,0
28438,0
28439,0
28440,0
28441,0
28442,0
28443,0
28444,0
28445,0
28446,0
28447,0
28448,1
28449,0
28450,0
28451,0
28452,2
28453,1
28454,0
28455,0
28456,0
28457,0
28458,2
28459,0
28460,0
28461,1
28462,0
28463,1
28464,2
28465,0
28466,0
28467,0
28468,0
28469,0
28470,0
28471,0
28472,0
28473,0
28474,0
28475,0
28476,0
28477,0
28478,0
28479,0
28480,0
28481,2
28482,0
28483,0
28484,2
28485,0
28486,0
28487,0
28488,0
28489,2
28490,0
28491,1
28492,0
28493,0
28494,0
28495,0
28496,0
28497,0
28498,0
28499,0
28500,0
28501,0
28502,0
28503,0
28504,0
28505,0
28506,0
28507,0
28508,0
28509,0
28510,0
28511,0
28512,0
28513,0
28514,0
28515,0
28516,0
28517,0
28518,0
28519,0
28520,2
28521,2
28522,0
28523,0
28524,0
28525,1
28526,0
28527,0
28528,2
28529,2
28530,2
28531,0
28532,0
28533,0
28534,0
28535,0
28536,0
28537,0
28538,0
28539,0
28540,0
28541,2
28542,1
28543,0
28544,0
28545,0
28546,0
28547,0
28548,0
28549,0
28550,0
28551,0
28552,1
28553,0
28554,0
28555,0
28556,0
28557,0
28558,0
28559,0
28560,0
28561,0
28562,1
28563,1
28564,0
28565,0
28566,0
28567,0
28568,0
28569,0
28570,0
28571,0
28572,2
28573,0
28574,0
28575,2
28576,0
28577,0
28578,0
28579,0
28580,0
28581,0
28582,2
28583,0
28584,0
28585,2
28586,0
28587,0
28588,0
28589,2
28590,2
28591,0
28592,0
28593,0
28594,0
28595,2
28596,0
28597,0
28598,1
28599,1
28600,1
28601,2
28602,0
28603,0
28604,0
28605,0
28606,1
28607,0
28608,0
28609,0
28610,0
28611,0
28612,0
28613,0
28614,0
28615,0
28616,0
28617,0
28618,2
28619,0
28620,0
28621,2
28622,0
28623,0
28624,2
28625,0
28626,2
28627,0
28628,1
28629,0
28630,0
28631,0
28632,0
28633,0
28634,0
28635,0
28636,0
28637,0
28638,0
28639,0
28640,0
28641,0
28642,0
28643,0
28644,0
28645,0
28646,0
28647,0
28648,0
28649,0
28650,0
28651,0
28652,0
28653,0
28654,0
28655,0
28656,0
28657,2
28658,2
28659,0
28660,0
28661,0
28662,0
28663,0
28664,0
28665,2
28666,2
28667,2
28668,0
28669,0
28670,0
28671,0
28672,0
28673,0
28674,0
28675,0
28676,0
28677,0
28678,0
28679,0
28680,0
28681,0
28682,0
28683,0
28684,0
28685,0
28686,0
28687,0
28688,0
28689,0
28690,0
28691,0
28692,0
28693,0
28694,0
28695,0
28696,0
28697,0
28698,0
28699,0
28700,0
28701,0
28702,0
28703,0
28704,0
28705,0
28706,0
28707,0
28708,0
28709,0
28710,0
28711,0
28712,0
28713,0
28714,0
28715,0
28716,0
28717,0
28718,0
28719,2
28720,0
28721,0
28722,0
28723,0
28724,0
28725,0
28726,2
28727,2
28728,0
28729,0
28730,0
28731,1
28732,0
28733,0
28734,0
28735,0
28736,0
28737,0
28738,2
28739,0
28740,0
28741,0
28742,0
28743,0
28744,0
28745,0
28746,0
28747,0
28748,0
28749,0
28750,0
28751,0
28752,0
28753,0
28754,0
28755,2
28756,0
28757,0
28758,2
28759,0
28760,0
28761,2
28762,0
28763,2
28764,0
28765,0
28766,0
28767,0
28768,0
28769,0
28770,0
28771,0
28772,0
28773,0
28774,0
28775,0
28776,0
28777,0
28778,0
28779,0
28780,0
28781,0
28782,0
28783,0
28784,0
28785,0
28786,0
28787,2
28788,0
28789,0
28790,0
28791,0
28792,0
28793,0
28794,2
28795,2
28796,2
28797,1
28798,2
28799,1
28800,0
28801,0
28802,2
28803,2
28804,2
28805,2
28806,0
28807,0
28808,0
28809,0
28810,0
28811,0
28812,0
28813,0
28814,2
28815,1
28816,1
28817,0
28818,1
28819,0
28820,0
28821,0
28822,0
28823,2
28824,2
28825,0
28826,1
28827,0
28828,0
28829,0
28830,0
28831,0
28832,0
28833,0
28834,1
28835,0
28836,1
28837,1
28838,0
28839,0
28840,0
28841,0
28842,0
28843,0
28844,0
28845,0
28846,2
28847,0
28848,0
28849,2
28850,0
28851,2
28852,0
28853,0
28854,0
28855,0
28856,2
28857,0
28858,0
28859,2
28860,0
28861,0
28862,0
28863,2
28864,2
28865,0
28866,0
28867,0
28868,2
28869,2
28870,0
28871,0
28872,1
28873,1
28874,2
28875,2
28876,0
28877,0
28878,0
28879,2
28880,1
28881,0
28882,0
28883,2
28884,0
28885,2
28886,0
28887,0
28888,0
28889,0
28890,0
28891,0
28892,2
28893,0
28894,0
28895,2
28896,0
28897,0
28898,2
28899,2
28900,2
28901,0
28902,1
28903,0
28904,0
28905,0
28906,0
28907,0
28908,0
28909,0
28910,0
28911,0
28912,0
28913,0
28914,0
28915,0
28916,0
28917,0
28918,0
28919,0
28920,0
28921,0
28922,0
28923,0
28924,0
28925,0
28926,0
28927,0
28928,0
28929,0
28930,0
28931,2
28932,2
28933,0
28934,0
28935,0
28936,0
28937,0
28938,0
28939,2
28940,2
28941,2
28942,0
28943,0
28944,0
28945,0
28946,0
28947,0
28948,0
28949,0
28950,0
28951,0
28952,0
28953,0
28954,0
28955,0
28956,0
28957,0
28958,0
28959,0
28960,0
28961,0
28962,0
28963,0
28964,0
28965,0
28966,0
28967,0
28968,0
28969,0
28970,0
28971,0
28972,0
28973,0
28974,1
28975,0
28976,0
28977,0
28978,0
28979,0
28980,0
28981,0
28982,0
28983,0
28984,0
28985,0
28986,0
28987,0
28988,0
28989,0
28990,0
28991,0
28992,0
28993,0
28994,0
28995,0
28996,0
28997,0
28998,0
28999,0
29000,2
29001,0
29002,0
29003,0
29004,0
29005,0
29006,0
29007,0
29008,0
29009,0
29010,0
29011,0
29012,2
29013,0
29014,0
29015,0
29016,0
29017,0
29018,0
29019,0
29020,0
29021,0
29022,0
29023,0
29024,0
29025,0
29026,0
29027,0
29028,0
29029,2
29030,0
29031,0
29032,2
29033,0
29034,0
29035,2
29036,0
29037,2
29038,0
29039,0
29040,0
29041,0
29042,0
29043,0
29044,0
29045,0
29046,0
29047,0
29048,0
29049,0
29050,0
29051,0
29052,0
29053,0
29054,0
29055,0
29056,0
29057,0
29058,0
29059,0
29060,0
29061,0
29062,0
29063,0
29064,0
29065,0
29066,0
29067,0
29068,2
29069,2
29070,0
29071,0
29072,0
29073,0
29074,0
29075,0
29076,2
29077,2
29078,2
29079,0
29080,0
29081,0
29082,0
29083,0
29084,0
29085,0
29086,0
29087,0
29088,0
29089,0
29090,0
29091,0
29092,0
29093,0
29094,0
29095,0
29096,0
29097,0
29098,0
29099,0
29100,0
29101,0
29102,0
29103,0
29104,0
29105,0
29106,0
29107,0
29108,0
29109,0
29110,0
29111,1
29112,0
29113,0
29114,0
29115,0
29116,0
29117,0
29118,0
29119,0
29120,0
29121,0
29122,0
29123,0
29124,0
29125,0
29126,0
29127,0
29128,0
29129,0
29130,0
29131,0
29132,0
29133,0
29134,0
29135,0
29136,0
29137,2
29138,0
29139,0
29140,0
29141,0
29142,0
29143,0
29144,0
29145,0
29146,0
29147,0
29148,0
29149,2
29150,0
29151,0
29152,0
29153,0
29154,0
29155,0
29156,0
29157,0
29158,0
29159,0
29160,0
29161,0
29162,0
29163,0
29164,0
29165,0
29166,2
29167,0
29168,0
29169,2
29170,0
29171,0
29172,0
29173,0
29174,2
29175,0
29176,0
29177,0
29178,0
29179,0
29180,0
29181,0
29182,0
29183,0
29184,0
29185,0
29186,0
29187,0
29188,0
29189,0
29190,0
29191,0
29192,0
29193,0
29194,0
29195,0
29196,0
29197,0
29198,0
29199,0
29200,0
29201,0
29202,0
29203,0
29204,0
29205,2
29206,2
29207,0
29208,0
29209,0
29210,0
29211,0
29212,0
29213,0
29214,2
29215,2
29216,0
29217,0
29218,0
29219,0
29220,0
29221,0
29222,0
29223,0
29224,0
29225,0
29226,0
29227,0
29228,0
29229,0
29230,0
29231,0
29232,0
29233,0
29234,0
29235,0
29236,0
29237,0
29238,0
29239,0
29240,0
29241,0
29242,0
29243,0
29244,0
29245,0
29246,0
29247,0
29248,0
29249,0
29250,0
29251,0
29252,0
29253,0
29254,0
29255,0
29256,0
29257,0
29258,0
29259,0
29260,0
29261,0
29262,0
29263,0
29264,0
29265,0
29266,0
29267,0
29268,0
29269,0
29270,0
29271,0
29272,0
29273,0
29274,2
29275,0
29276,0
29277,0
29278,0
29279,0
29280,0
29281,0
29282,0
29283,0
29284,0
29285,0
29286,0
29287,0
29288,0
29289,0
29290,0
29291,0
29292,0
29293,0
29294,0
29295,0
29296,0
29297,0
29298,0
29299,0
29300,0
29301,0
29302,0
29303,0
29304,0
29305,0
29306,0
29307,0
29308,0
29309,0
29310,0
29311,0
29312,0
29313,0
29314,0
29315,0
29316,0
29317,0
29318,0
29319,0
29320,0
29321,0
29322,0
29323,0
29324,0
29325,0
29326,0
29327,0
29328,0
29329,0
29330,0
29331,0
29332,0
29333,0
29334,0
29335,0
29336,0
29337,0
29338,0
29339,0
29340,0
29341,0
29342,2
29343,2
29344,0
29345,0
29346,0
29347,0
29348,0
29349,0
29350,0
29351,2
29352,2
29353,0
29354,0
29355,0
29356,0
29357,0
29358,0
29359,0
29360,0
29361,0
29362,0
29363,2
29364,2
29365,0
29366,0
29367,0
29368,0
29369,0
29370,0
29371,0
29372,0
29373,0
29374,0
29375,0
29376,0
29377,0
29378,0
29379,0
29380,0
29381,0
29382,0
29383,0
29384,0
29385,1
29386,0
29387,0
29388,0
29389,0
29390,0
29391,0
29392,0
29393,0
29394,0
29395,0
29396,0
29397,0
29398,0
29399,0
29400,0
29401,0
29402,0
29403,0
29404,0
29405,0
29406,0
29407,0
29408,0
29409,0
29410,0
29411,2
29412,0
29413,0
29414,0
29415,0
29416,0
29417,0
29418,0
29419,0
29420,0
29421,0
29422,0
29423,2
29424,0
29425,0
29426,0
29427,0
29428,0
29429,0
29430,0
29431,0
29432,0
29433,0
29434,0
29435,0
29436,0
29437,0
29438,0
29439,0
29440,2
29441,0
29442,0
29443,2
29444,0
29445,0
29446,2
29447,0
29448,0
29449,0
29450,0
29451,0
29452,0
29453,0
29454,0
29455,0
29456,0
29457,0
29458,0
29459,0
29460,0
29461,0
29462,0
29463,0
29464,0
29465,0
29466,0
29467,0
29468,0
29469,0
29470,0
29471,0
29472,0
29473,0
29474,0
29475,0
29476,0
29477,0
29478,0
29479,2
29480,2
29481,1
29482,1
29483,1
29484,1
29485,0
29486,0
29487,2
29488,2
29489,2
29490,0
29491,0
29492,0
29493,0
29494,0
29495,0
29496,0
29497,0
29498,0
29499,2
29500,1
29501,1
29502,0
29503,0
29504,0
29505,0
29506,0
29507,0
29508,0
29509,2
29510,0
29511,1
29512,0
29513,0
29514,0
29515,0
29516,0
29517,0
29518,0
29519,0
29520,0
29521,1
29522,1
29523,0
29524,0
29525,0
29526,0
29527,0
29528,0
29529,0
29530,0
29531,1
29532,0
29533,0
29534,1
29535,0
29536,0
29537,0
29538,0
29539,0
29540,0
29541,2
29542,0
29543,0
29544,1
29545,0
29546,0
29547,0
29548,2
29549,2
29550,0
29551,0
29552,0
29553,2
29554,2
29555,0
29556,0
29557,1
29558,1
29559,1
29560,2
29561,0
29562,0
29563,0
29564,0
29565,1
29566,0
29567,0
29568,1
29569,0
29570,2
29571,0
29572,0
29573,0
29574,0
29575,0
29576,0
29577,2
29578,0
29579,0
29580,2
29581,0
29582,0
29583,2
29584,1
29585,2
29586,0
29587,1
29588,0
29589,0
29590,0
29591,0
29592,0
29593,0
29594,0
29595,0
29596,0
29597,0
29598,0
29599,0
29600,0
29601,0
29602,0
29603,0
29604,0
29605,0
29606,0
29607,0
29608,0
29609,0
29610,0
29611,0
29612,0
29613,0
29614,0
29615,0
29616,2
29617,2
29618,0
29619,0
29620,0
29621,0
29622,0
29623,0
29624,0
29625,2
29626,2
29627,0
29628,0
29629,0
29630,0
29631,0
29632,0
29633,0
29634,0
29635,0
29636,0
29637,0
29638,0
29639,0
29640,0
29641,0
29642,0
29643,0
29644,0
29645,0
29646,0
29647,0
29648,0
29649,0
29650,0
29651,0
29652,0
29653,0
29654,0
29655,0
29656,0
29657,0
29658,0
29659,0
29660,0
29661,0
29662,0
29663,0
29664,0
29665,0
29666,0
29667,0
29668,0
29669,0
29670,0
29671,0
29672,0
29673,0
29674,0
29675,0
29676,0
29677,0
29678,0
29679,0
29680,0
29681,0
29682,0
29683,0
29684,0
29685,2
29686,0
29687,0
29688,0
29689,0
29690,0
29691,0
29692,0
29693,0
29694,0
29695,0
29696,0
29697,0
29698,0
29699,0
29700,0
29701,0
29702,0
29703,0
29704,0
29705,0
29706,0
29707,0
29708,0
29709,0
29710,0
29711,0
29712,0
29713,0
29714,0
29715,0
29716,0
29717,2
29718,0
29719,0
29720,0
29721,0
29722,0
29723,0
29724,0
29725,0
29726,0
29727,0
29728,0
29729,0
29730,0
29731,0
29732,0
29733,0
29734,0
29735,0
29736,0
29737,0
29738,0
29739,0
29740,0
29741,0
29742,0
29743,0
29744,0
29745,0
29746,0
29747,0
29748,0
29749,0
29750,0
29751,0
29752,0
29753,2
29754,2
29755,0
29756,2
29757,0
29758,1
29759,0
29760,0
29761,0
29762,2
29763,2
29764,0
29765,0
29766,0
29767,0
29768,0
29769,0
29770,0
29771,0
29772,0
29773,0
29774,1
29775,1
29776,0
29777,0
29778,0
29779,0
29780,0
29781,0
29782,0
29783,2
29784,0
29785,2
29786,0
29787,0
29788,0
29789,0
29790,0
29791,0
29792,0
29793,0
29794,0
29795,0
29796,0
29797,0
29798,0
29799,0
29800,0
29801,0
29802,0
29803,0
29804,0
29805,2
29806,0
29807,0
29808,0
29809,0
29810,0
29811,0
29812,0
29813,0
29814,0
29815,0
29816,0
29817,0
29818,0
29819,0
29820,0
29821,0
29822,2
29823,0
29824,0
29825,0
29826,0
29827,2
29828,2
29829,0
29830,0
29831,0
29832,0
29833,1
29834,2
29835,0
29836,1
29837,0
29838,0
29839,0
29840,0
29841,0
29842,0
29843,0
29844,0
29845,0
29846,0
29847,0
29848,0
29849,0
29850,0
29851,2
29852,0
29853,0
29854,2
29855,0
29856,0
29857,2
29858,0
29859,2
29860,0
29861,1
29862,0
29863,0
29864,0
29865,0
29866,0
29867,0
29868,0
29869,0
29870,0
29871,0
29872,0
29873,0
29874,0
29875,0
29876,0
29877,0
29878,0
29879,0
29880,0
29881,0
29882,0
29883,0
29884,0
29885,0
29886,0
29887,0
29888,0
29889,0
29890,2
29891,2
29892,0
29893,0
29894,0
29895,0
29896,0
29897,0
29898,0
29899,2
29900,2
29901,0
29902,0
29903,0
29904,0
29905,0
29906,0
29907,0
29908,0
29909,0
29910,0
29911,0
29912,0
29913,0
29914,0
29915,0
29916,0
29917,0
29918,0
29919,0
29920,0
29921,0
29922,0
29923,0
29924,0
29925,0
29926,0
29927,0
29928,0
29929,0
29930,0
29931,0
29932,0
29933,0
29934,0
29935,0
29936,0
29937,0
29938,0
29939,0
29940,0
29941,0
29942,0
29943,0
29944,0
29945,0
29946,0
29947,0
29948,0
29949,0
29950,0
29951,0
29952,0
29953,0
29954,0
29955,0
29956,0
29957,0
29958,0
29959,2
29960,0
29961,0
29962,0
29963,0
29964,0
29965,0
29966,0
29967,0
29968,0
29969,0
29970,0
29971,0
29972,0
29973,0
29974,0
29975,0
29976,0
29977,0
29978,0
29979,0
29980,0
29981,0
29982,0
29983,0
29984,0
29985,0
29986,0
29987,0
29988,0
29989,0
29990,0
29991,2
29992,0
29993,0
29994,0
29995,0
29996,0
29997,0
29998,0
29999,0
30000,0
30001,0
30002,0
30003,0
30004,0
30005,0
30006,0
30007,0
30008,0
30009,0
30010,0
30011,0
30012,0
30013,0
30014,0
30015,0
30016,0
30017,0
30018,0
30019,0
30020,0
30021,0
30022,0
30023,0
30024,0
30025,0
30026,0
30027,2
30028,2
30029,0
30030,0
30031,0
30032,0
30033,0
30034,0
30035,0
30036,2
30037,2
30038,0
30039,0
30040,0
30041,0
30042,0
30043,0
30044,0
30045,0
30046,0
30047,0
30048,0
30049,0
30050,0
30051,0
30052,0
30053,0
30054,0
30055,0
30056,0
30057,0
30058,0
30059,0
30060,0
30061,0
30062,0
30063,0
30064,0
30065,0
30066,0
30067,0
30068,0
30069,0
30070,0
30071,0
30072,0
30073,0
30074,0
30075,0
30076,0
30077,0
30078,0
30079,0
30080,0
30081,0
30082,0
30083,0
30084,0
30085,0
30086,0
30087,0
30088,0
30089,0
30090,0
30091,0
30092,0
30093,0
30094,0
30095,0
30096,2
30097,0
30098,0
30099,0
30100,0
30101,0
30102,2
30103,0
30104,0
30105,0
30106,0
30107,0
30108,2
30109,0
30110,0
30111,0
30112,0
30113,0
30114,0
30115,0
30116,0
30117,0
30118,0
30119,0
30120,0
30121,0
30122,0
30123,0
30124,0
30125,2
30126,0
30127,0
30128,2
30129,0
30130,0
30131,0
30132,0
30133,2
30134,0
30135,0
30136,0
30137,0
30138,0
30139,0
30140,0
30141,0
30142,0
30143,0
30144,0
30145,0
30146,0
30147,0
30148,0
30149,0
30150,0
30151,0
30152,0
30153,0
30154,0
30155,0
30156,0
30157,0
30158,0
30159,0
30160,0
30161,0
30162,0
30163,0
30164,2
30165,2
30166,0
30167,0
30168,0
30169,0
30170,0
30171,0
30172,2
30173,2
30174,2
30175,0
30176,0
30177,0
30178,0
30179,0
30180,0
30181,0
30182,0
30183,0
30184,0
30185,0
30186,2
30187,0
30188,0
30189,0
30190,0
30191,0
30192,0
30193,0
30194,0
30195,0
30196,0
30197,0
30198,0
30199,0
30200,0
30201,0
30202,0
30203,0
30204,0
30205,0
30206,0
30207,0
30208,0
30209,0
30210,0
30211,0
30212,0
30213,0
30214,0
30215,0
30216,0
30217,0
30218,0
30219,0
30220,0
30221,0
30222,0
30223,0
30224,0
30225,0
30226,0
30227,0
30228,0
30229,0
30230,0
30231,0
30232,0
30233,0
30234,0
30235,0
30236,0
30237,0
30238,0
30239,0
30240,0
30241,0
30242,0
30243,0
30244,0
30245,2
30246,0
30247,0
30248,0
30249,0
30250,0
30251,0
30252,0
30253,0
30254,0
30255,0
30256,0
30257,0
30258,0
30259,0
30260,0
30261,0
30262,2
30263,0
30264,0
30265,2
30266,0
30267,0
30268,0
30269,0
30270,0
30271,0
30272,0
30273,0
30274,0
30275,0
30276,0
30277,0
30278,0
30279,0
30280,0
30281,0
30282,0
30283,0
30284,0
30285,0
30286,0
30287,0
30288,0
30289,0
30290,0
30291,0
30292,0
30293,0
30294,0
30295,0
30296,0
30297,0
30298,0
30299,0
30300,0
30301,2
30302,2
30303,0
30304,0
30305,0
30306,0
30307,0
30308,0
30309,2
30310,2
30311,2
30312,0
30313,0
30314,0
30315,0
30316,0
30317,0
30318,0
30319,0
30320,0
30321,0
30322,0
30323,0
30324,0
30325,0
30326,0
30327,0
30328,0
30329,0
30330,0
30331,0
30332,0
30333,0
30334,0
30335,0
30336,0
30337,0
30338,0
30339,0
30340,0
30341,0
30342,0
30343,0
30344,0
30345,0
30346,0
30347,0
30348,0
30349,0
30350,0
30351,0
30352,0
30353,0
30354,0
30355,0
30356,0
30357,0
30358,0
30359,0
30360,0
30361,0
30362,0
30363,0
30364,0
30365,0
30366,0
30367,0
30368,0
30369,0
30370,2
30371,0
30372,0
30373,0
30374,0
30375,0
30376,0
30377,0
30378,0
30379,0
30380,0
30381,0
30382,2
30383,0
30384,0
30385,0
30386,0
30387,2
30388,0
30389,0
30390,0
30391,0
30392,0
30393,0
30394,0
30395,0
30396,0
30397,0
30398,0
30399,2
30400,0
30401,0
30402,2
30403,0
30404,0
30405,0
30406,0
30407,0
30408,0
30409,0
30410,0
30411,0
30412,0
30413,0
30414,0
30415,0
30416,0
30417,0
30418,0
30419,0
30420,0
30421,0
30422,0
30423,0
30424,0
30425,0
30426,0
30427,0
30428,0
30429,0
30430,0
30431,0
30432,0
30433,0
30434,0
30435,0
30436,0
30437,0
30438,2
30439,2
30440,0
30441,0
30442,0
30443,0
30444,0
30445,0
30446,0
30447,2
30448,2
30449,0
30450,0
30451,0
30452,0
30453,0
30454,0
30455,0
30456,0
30457,0
30458,0
30459,0
30460,0
30461,0
30462,0
30463,0
30464,0
30465,0
30466,0
30467,0
30468,0
30469,0
30470,0
30471,0
30472,0
30473,0
30474,0
30475,0
30476,0
30477,0
30478,0
30479,0
30480,0
30481,0
30482,0
30483,0
30484,0
30485,0
30486,0
30487,0
30488,0
30489,0
30490,0
30491,0
30492,0
30493,0
30494,0
30495,0
30496,0
30497,0
30498,0
30499,0
30500,0
30501,0
30502,0
30503,0
30504,0
30505,0
30506,0
30507,0
30508,0
30509,0
30510,0
30511,0
30512,0
30513,0
30514,0
30515,0
30516,0
30517,0
30518,0
30519,0
30520,0
30521,0
30522,0
30523,0
30524,0
30525,0
30526,0
30527,0
30528,0
30529,0
30530,0
30531,0
30532,0
30533,0
30534,0
30535,0
30536,0
30537,0
30538,0
30539,2
30540,0
30541,0
30542,0
30543,0
30544,0
30545,0
30546,0
30547,0
30548,0
30549,0
30550,0
30551,0
30552,0
30553,0
30554,0
30555,0
30556,0
30557,0
30558,0
30559,0
30560,0
30561,0
30562,0
30563,0
30564,0
30565,0
30566,0
30567,0
30568,0
30569,0
30570,0
30571,0
30572,0
30573,0
30574,0
30575,2
30576,2
30577,0
30578,0
30579,0
30580,0
30581,0
30582,0
30583,0
30584,2
30585,2
30586,0
30587,0
30588,0
30589,0
30590,0
30591,0
30592,0
30593,0
30594,0
30595,0
30596,0
30597,0
30598,0
30599,0
30600,0
30601,0
30602,0
30603,0
30604,0
30605,0
30606,0
30607,0
30608,0
30609,0
30610,0
30611,0
30612,0
30613,0
30614,0
30615,0
30616,0
30617,0
30618,0
30619,0
30620,0
30621,0
30622,0
30623,0
30624,0
30625,0
30626,0
30627,0
30628,0
30629,0
30630,0
30631,0
30632,0
30633,0
30634,0
30635,0
30636,0
30637,0
30638,0
30639,0
30640,0
30641,0
30642,0
30643,0
30644,0
30645,0
30646,0
30647,0
30648,0
30649,0
30650,0
30651,0
30652,0
30653,0
30654,0
30655,0
30656,0
30657,0
30658,0
30659,0
30660,0
30661,0
30662,0
30663,0
30664,0
30665,0
30666,0
30667,0
30668,0
30669,0
30670,0
30671,0
30672,0
30673,0
30674,0
30675,0
30676,0
30677,0
30678,0
30679,0
30680,0
30681,0
30682,0
30683,0
30684,0
30685,0
30686,0
30687,0
30688,0
30689,0
30690,0
30691,0
30692,0
30693,0
30694,0
30695,0
30696,0
30697,0
30698,0
30699,0
30700,0
30701,0
30702,0
30703,0
30704,0
30705,0
30706,0
30707,0
30708,0
30709,0
30710,0
30711,0
30712,2
30713,2
30714,2
30715,2
30716,1
30717,1
30718,0
30719,0
30720,2
30721,2
30722,2
30723,0
30724,0
30725,0
30726,0
30727,0
30728,0
30729,0
30730,0
30731,0
30732,2
30733,2
30734,1
30735,0
30736,0
30737,0
30738,0
30739,0
30740,0
30741,0
30742,2
30743,0
30744,1
30745,0
30746,0
30747,0
30748,0
30749,0
30750,0
30751,0
30752,0
30753,0
30754,1
30755,1
30756,0
30757,0
30758,0
30759,0
30760,0
30761,0
30762,0
30763,0
30764,2
30765,0
30766,0
30767,0
30768,0
30769,0
30770,0
30771,0
30772,0
30773,0
30774,2
30775,0
30776,0
30777,1
30778,0
30779,0
30780,0
30781,2
30782,2
30783,0
30784,0
30785,0
30786,0
30787,2
30788,0
30789,0
30790,1
30791,1
30792,1
30793,2
30794,0
30795,0
30796,0
30797,0
30798,2
30799,0
30800,0
30801,0
30802,0
30803,0
30804,0
30805,0
30806,0
30807,0
30808,0
30809,0
30810,2
30811,0
30812,0
30813,2
30814,0
30815,0
30816,2
30817,2
30818,2
30819,0
30820,1
30821,0
30822,0
30823,0
30824,0
30825,0
30826,0
30827,0
30828,0
30829,0
30830,0
30831,0
30832,0
30833,0
30834,0
30835,0
30836,0
30837,0
30838,0
30839,0
30840,0
30841,0
30842,0
30843,0
30844,0
30845,0
30846,0
30847,0
30848,0
30849,2
30850,2
30851,0
30852,2
30853,0
30854,2
30855,0
30856,0
30857,2
30858,2
30859,2
30860,0
30861,0
30862,0
30863,0
30864,0
30865,0
30866,0
30867,0
30868,0
30869,2
30870,2
30871,2
30872,0
30873,0
30874,0
30875,0
30876,0
30877,0
30878,0
30879,0
30880,0
30881,1
30882,0
30883,1
30884,0
30885,0
30886,0
30887,0
30888,0
30889,2
30890,0
30891,2
30892,1
30893,0
30894,0
30895,0
30896,0
30897,0
30898,0
30899,0
30900,0
30901,2
30902,0
30903,0
30904,2
30905,0
30906,0
30907,0
30908,0
30909,0
30910,0
30911,2
30912,0
30913,0
30914,2
30915,0
30916,0
30917,0
30918,2
30919,2
30920,0
30921,0
30922,0
30923,2
30924,2
30925,0
30926,0
30927,2
30928,1
30929,2
30930,2
30931,0
30932,0
30933,0
30934,0
30935,1
30936,0
30937,0
30938,0
30939,0
30940,2
30941,0
30942,0
30943,0
30944,0
30945,0
30946,0
30947,2
30948,0
30949,0
30950,2
30951,0
30952,0
30953,2
30954,2
30955,2
30956,0
30957,1
30958,0
30959,0
30960,0
30961,0
30962,0
30963,0
30964,0
30965,0
30966,0
30967,0
30968,0
30969,0
30970,0
30971,0
30972,0
30973,0
30974,0
30975,0
30976,0
30977,0
30978,0
30979,0
30980,0
30981,0
30982,0
30983,0
30984,0
30985,0
30986,2
30987,2
30988,0
30989,0
30990,0
30991,0
30992,0
30993,0
30994,0
30995,2
30996,2
30997,0
30998,0
30999,0
31000,0
31001,0
31002,0
31003,0
31004,0
31005,0
31006,0
31007,0
31008,0
31009,0
31010,0
31011,0
31012,0
31013,0
31014,0
31015,0
31016,0
31017,0
31018,0
31019,0
31020,0
31021,0
31022,0
31023,0
31024,0
31025,0
31026,0
31027,0
31028,0
31029,0
31030,0
31031,0
31032,0
31033,0
31034,0
31035,0
31036,0
31037,0
31038,0
31039,0
31040,0
31041,0
31042,0
31043,0
31044,0
31045,0
31046,0
31047,0
31048,0
31049,0
31050,0
31051,0
31052,0
31053,0
31054,0
31055,2
31056,0
31057,0
31058,0
31059,0
31060,2
31061,0
31062,0
31063,0
31064,0
31065,0
31066,0
31067,2
31068,0
31069,0
31070,0
31071,0
31072,0
31073,0
31074,0
31075,0
31076,0
31077,0
31078,0
31079,0
31080,0
31081,0
31082,0
31083,0
31084,0
31085,0
31086,0
31087,1
31088,0
31089,0
31090,0
31091,0
31092,2
31093,0
31094,0
31095,0
31096,0
31097,0
31098,0
31099,0
31100,0
31101,0
31102,0
31103,0
31104,0
31105,0
31106,0
31107,0
31108,0
31109,0
31110,0
31111,0
31112,0
31113,0
31114,0
31115,0
31116,0
31117,0
31118,0
31119,0
31120,0
31121,0
31122,0
31123,2
31124,2
31125,0
31126,0
31127,0
31128,0
31129,0
31130,0
31131,0
31132,2
31133,2
31134,0
31135,0
31136,0
31137,0
31138,0
31139,0
31140,0
31141,0
31142,0
31143,0
31144,0
31145,0
31146,0
31147,0
31148,0
31149,0
31150,0
31151,0
31152,0
31153,0
31154,0
31155,0
31156,0
31157,0
31158,0
31159,0
31160,0
31161,0
31162,0
31163,0
31164,0
31165,0
31166,0
31167,0
31168,0
31169,0
31170,0
31171,0
31172,0
31173,0
31174,0
31175,0
31176,0
31177,0
31178,0
31179,0
31180,0
31181,0
31182,0
31183,0
31184,0
31185,0
31186,0
31187,0
31188,0
31189,0
31190,0
31191,0
31192,0
31193,0
31194,0
31195,0
31196,0
31197,0
31198,0
31199,0
31200,0
31201,0
31202,0
31203,0
31204,0
31205,0
31206,0
31207,0
31208,0
31209,0
31210,0
31211,0
31212,0
31213,0
31214,0
31215,0
31216,0
31217,0
31218,0
31219,0
31220,0
31221,0
31222,0
31223,0
31224,2
31225,0
31226,0
31227,0
31228,0
31229,0
31230,0
31231,0
31232,0
31233,0
31234,0
31235,0
31236,0
31237,0
31238,0
31239,0
31240,0
31241,0
31242,0
31243,0
31244,0
31245,0
31246,0
31247,0
31248,0
31249,0
31250,0
31251,0
31252,0
31253,0
31254,0
31255,0
31256,0
31257,0
31258,0
31259,0
31260,2
31261,2
31262,0
31263,0
31264,0
31265,0
31266,0
31267,0
31268,0
31269,2
31270,2
31271,0
31272,0
31273,0
31274,0
31275,0
31276,0
31277,0
31278,0
31279,0
31280,0
31281,0
31282,0
31283,0
31284,0
31285,0
31286,0
31287,0
31288,0
31289,0
31290,0
31291,0
31292,0
31293,0
31294,0
31295,0
31296,0
31297,0
31298,0
31299,0
31300,0
31301,0
31302,0
31303,0
31304,0
31305,0
31306,0
31307,0
31308,0
31309,0
31310,0
31311,0
31312,0
31313,0
31314,0
31315,0
31316,0
31317,0
31318,0
31319,0
31320,0
31321,0
31322,0
31323,0
31324,0
31325,0
31326,0
31327,0
31328,0
31329,2
31330,0
31331,0
31332,0
31333,0
31334,0
31335,0
31336,0
31337,0
31338,0
31339,0
31340,0
31341,0
31342,0
31343,0
31344,0
31345,0
31346,0
31347,0
31348,0
31349,0
31350,0
31351,0
31352,0
31353,0
31354,0
31355,0
31356,0
31357,0
31358,0
31359,0
31360,0
31361,2
31362,0
31363,0
31364,0
31365,0
31366,0
31367,0
31368,0
31369,0
31370,0
31371,0
31372,0
31373,0
31374,0
31375,0
31376,0
31377,0
31378,0
31379,0
31380,0
31381,0
31382,0
31383,0
31384,0
31385,0
31386,0
31387,0
31388,0
31389,0
31390,0
31391,0
31392,0
31393,0
31394,0
31395,0
31396,0
31397,2
31398,2
31399,0
31400,0
31401,0
31402,0
31403,0
31404,0
31405,2
31406,2
31407,2
31408,0
31409,0
31410,0
31411,0
31412,0
31413,0
31414,0
31415,0
31416,0
31417,2
31418,1
31419,1
31420,0
31421,0
31422,0
31423,0
31424,0
31425,0
31426,0
31427,0
31428,0
31429,0
31430,0
31431,0
31432,0
31433,0
31434,0
31435,0
31436,0
31437,0
31438,0
31439,1
31440,1
31441,0
31442,0
31443,0
31444,0
31445,0
31446,0
31447,0
31448,0
31449,0
31450,0
31451,0
31452,0
31453,0
31454,0
31455,0
31456,0
31457,0
31458,0
31459,1
31460,0
31461,0
31462,1
31463,0
31464,0
31465,0
31466,2
31467,1
31468,0
31469,0
31470,0
31471,2
31472,0
31473,0
31474,0
31475,0
31476,1
31477,0
31478,2
31479,0
31480,0
31481,0
31482,0
31483,0
31484,0
31485,0
31486,0
31487,0
31488,0
31489,0
31490,0
31491,0
31492,0
31493,0
31494,0
31495,2
31496,0
31497,0
31498,2
31499,0
31500,0
31501,2
31502,0
31503,2
31504,0
31505,1
31506,0
31507,0
31508,0
31509,0
31510,0
31511,0
31512,0
31513,0
31514,0
31515,0
31516,0
31517,0
31518,0
31519,0
31520,0
31521,0
31522,0
31523,0
31524,0
31525,0
31526,0
31527,0
31528,0
31529,0
31530,0
31531,0
31532,0
31533,0
31534,2
31535,2
31536,0
31537,0
31538,0
31539,0
31540,0
31541,0
31542,0
31543,2
31544,2
31545,0
31546,0
31547,0
31548,0
31549,0
31550,0
31551,0
31552,0
31553,0
31554,0
31555,1
31556,0
31557,0
31558,0
31559,0
31560,0
31561,0
31562,0
31563,0
31564,0
31565,0
31566,0
31567,0
31568,0
31569,0
31570,0
31571,0
31572,0
31573,0
31574,0
31575,0
31576,0
31577,0
31578,0
31579,0
31580,0
31581,0
31582,0
31583,0
31584,0
31585,0
31586,0
31587,0
31588,0
31589,0
31590,0
31591,0
31592,0
31593,0
31594,0
31595,0
31596,0
31597,0
31598,0
31599,0
31600,0
31601,0
31602,0
31603,0
31604,0
31605,0
31606,0
31607,0
31608,0
31609,0
31610,0
31611,0
31612,0
31613,0
31614,0
31615,2
31616,0
31617,0
31618,0
31619,0
31620,0
31621,0
31622,0
31623,0
31624,0
31625,0
31626,0
31627,0
31628,0
31629,0
31630,0
31631,0
31632,2
31633,0
31634,0
31635,2
31636,0
31637,0
31638,0
31639,0
31640,0
31641,0
31642,0
31643,0
31644,0
31645,0
31646,0
31647,0
31648,0
31649,0
31650,0
31651,0
31652,0
31653,0
31654,0
31655,0
31656,0
31657,0
31658,0
31659,0
31660,0
31661,0
31662,0
31663,0
31664,0
31665,0
31666,0
31667,0
31668,0
31669,0
31670,0
31671,2
31672,2
31673,2
31674,0
31675,0
31676,2
31677,0
31678,0
31679,2
31680,2
31681,2
31682,0
31683,0
31684,0
31685,0
31686,0
31687,0
31688,0
31689,0
31690,0
31691,2
31692,1
31693,0
31694,0
31695,0
31696,0
31697,0
31698,0
31699,0
31700,2
31701,2
31702,0
31703,0
31704,0
31705,0
31706,0
31707,0
31708,0
31709,0
31710,0
31711,0
31712,0
31713,0
31714,1
31715,0
31716,0
31717,0
31718,0
31719,0
31720,0
31721,0
31722,0
31723,0
31724,0
31725,0
31726,0
31727,0
31728,0
31729,0
31730,0
31731,0
31732,0
31733,2
31734,0
31735,0
31736,0
31737,0
31738,0
31739,0
31740,2
31741,2
31742,0
31743,0
31744,0
31745,2
31746,2
31747,0
31748,0
31749,0
31750,0
31751,0
31752,2
31753,0
31754,0
31755,0
31756,0
31757,1
31758,0
31759,0
31760,0
31761,0
31762,0
31763,0
31764,0
31765,0
31766,0
31767,0
31768,0
31769,2
31770,0
31771,0
31772,2
31773,0
31774,0
31775,2
31776,0
31777,2
31778,0
31779,1
31780,0
31781,0
31782,0
31783,0
31784,0
31785,0
31786,0
31787,0
31788,0
31789,0
31790,0
31791,0
31792,0
31793,0
31794,0
31795,0
31796,0
31797,0
31798,0
31799,0
31800,0
31801,0
31802,0
31803,0
31804,0
31805,0
31806,0
31807,0
31808,2
31809,2
31810,0
31811,0
31812,0
31813,0
31814,0
31815,0
31816,0
31817,2
31818,2
31819,0
31820,0
31821,0
31822,0
31823,0
31824,0
31825,0
31826,0
31827,0
31828,0
31829,0
31830,0
31831,0
31832,0
31833,0
31834,0
31835,0
31836,0
31837,0
31838,0
31839,0
31840,0
31841,0
31842,0
31843,0
31844,0
31845,0
31846,0
31847,0
31848,0
31849,0
31850,0
31851,1
31852,0
31853,0
31854,0
31855,0
31856,0
31857,0
31858,0
31859,0
31860,0
31861,0
31862,0
31863,0
31864,0
31865,0
31866,0
31867,0
31868,0
31869,0
31870,0
31871,0
31872,0
31873,0
31874,0
31875,0
31876,0
31877,2
31878,0
31879,0
31880,0
31881,0
31882,0
31883,0
31884,0
31885,0
31886,0
31887,0
31888,0
31889,0
31890,0
31891,0
31892,0
31893,0
31894,0
31895,0
31896,0
31897,0
31898,0
31899,0
31900,0
31901,0
31902,0
31903,0
31904,0
31905,0
31906,2
31907,0
31908,0
31909,2
31910,0
31911,0
31912,0
31913,0
31914,2
31915,0
31916,0
31917,0
31918,0
31919,0
31920,0
31921,0
31922,0
31923,0
31924,0
31925,0
31926,0
31927,0
31928,0
31929,0
31930,0
31931,0
31932,0
31933,0
31934,0
31935,0
31936,0
31937,0
31938,0
31939,0
31940,0
31941,0
31942,0
31943,0
31944,0
31945,2
31946,2
31947,0
31948,0
31949,0
31950,1
31951,0
31952,0
31953,2
31954,2
31955,2
31956,0
31957,0
31958,0
31959,0
31960,0
31961,0
31962,0
31963,0
31964,0
31965,0
31966,2
31967,2
31968,0
31969,1
31970,0
31971,0
31972,0
31973,0
31974,0
31975,0
31976,0
31977,1
31978,0
31979,0
31980,0
31981,0
31982,0
31983,0
31984,0
31985,2
31986,0
31987,2
31988,1
31989,0
31990,0
31991,0
31992,0
31993,0
31994,0
31995,0
31996,0
31997,2
31998,0
31999,0
32000,2
32001,0
32002,0
32003,0
32004,0
32005,0
32006,0
32007,2
32008,0
32009,0
32010,2
32011,0
32012,0
32013,0
32014,2
32015,2
32016,0
32017,0
32018,0
32019,0
32020,2
32021,0
32022,0
32023,2
32024,1
32025,2
32026,2
32027,0
32028,0
32029,0
32030,0
32031,1
32032,0
32033,0
32034,0
32035,0
32036,0
32037,0
32038,0
32039,0
32040,0
32041,0
32042,0
32043,2
32044,0
32045,0
32046,2
32047,0
32048,0
32049,2
32050,2
32051,2
32052,0
32053,1
32054,0
32055,0
32056,0
32057,0
32058,0
32059,0
32060,0
32061,0
32062,0
32063,0
32064,0
32065,0
32066,0
32067,0
32068,0
32069,0
32070,0
32071,0
32072,0
32073,0
32074,0
32075,0
32076,0
32077,0
32078,0
32079,0
32080,0
32081,0
32082,2
32083,2
32084,0
32085,0
32086,0
32087,0
32088,0
32089,0
32090,0
32091,2
32092,2
32093,0
32094,0
32095,0
32096,0
32097,0
32098,0
32099,0
32100,0
32101,0
32102,0
32103,0
32104,0
32105,0
32106,0
32107,0
32108,0
32109,0
32110,0
32111,0
32112,0
32113,0
32114,0
32115,0
32116,0
32117,0
32118,0
32119,0
32120,0
32121,0
32122,0
32123,0
32124,0
32125,0
32126,0
32127,0
32128,0
32129,0
32130,0
32131,0
32132,0
32133,0
32134,0
32135,0
32136,0
32137,0
32138,0
32139,0
32140,0
32141,0
32142,0
32143,0
32144,0
32145,0
32146,0
32147,0
32148,0
32149,0
32150,0
32151,2
32152,0
32153,0
32154,0
32155,0
32156,0
32157,0
32158,0
32159,0
32160,0
32161,0
32162,0
32163,2
32164,0
32165,0
32166,0
32167,0
32168,0
32169,0
32170,0
32171,0
32172,0
32173,0
32174,0
32175,0
32176,0
32177,0
32178,0
32179,0
32180,2
32181,0
32182,0
32183,2
32184,0
32185,0
32186,0
32187,0
32188,0
32189,0
32190,0
32191,0
32192,0
32193,0
32194,0
32195,0
32196,0
32197,0
32198,0
32199,0
32200,0
32201,0
32202,0
32203,0
32204,0
32205,0
32206,0
32207,0
32208,0
32209,0
32210,0
32211,0
32212,0
32213,0
32214,0
32215,0
32216,0
32217,0
32218,0
32219,2
32220,2
32221,0
32222,1
32223,0
32224,1
32225,0
32226,0
32227,2
32228,2
32229,2
32230,0
32231,0
32232,0
32233,0
32234,0
32235,0
32236,0
32237,0
32238,0
32239,2
32240,1
32241,1
32242,0
32243,0
32244,0
32245,0
32246,0
32247,0
32248,0
32249,0
32250,0
32251,1
32252,0
32253,0
32254,0
32255,0
32256,0
32257,0
32258,0
32259,0
32260,0
32261,0
32262,1
32263,0
32264,0
32265,0
32266,0
32267,0
32268,0
32269,0
32270,0
32271,2
32272,0
32273,0
32274,0
32275,0
32276,0
32277,0
32278,0
32279,0
32280,0
32281,2
32282,0
32283,0
32284,2
32285,0
32286,0
32287,0
32288,2
32289,2
32290,0
32291,0
32292,0
32293,1
32294,2
32295,0
32296,0
32297,2
32298,0
32299,0
32300,2
32301,0
32302,0
32303,0
32304,0
32305,1
32306,0
32307,0
32308,0
32309,0
32310,0
32311,0
32312,0
32313,0
32314,0
32315,0
32316,0
32317,2
32318,0
32319,0
32320,2
32321,0
32322,0
32323,2
32324,2
32325,2
32326,0
32327,2
32328,0
32329,0
32330,0
32331,0
32332,0
32333,0
32334,0
32335,0
32336,0
32337,0
32338,0
32339,0
32340,0
32341,0
32342,0
32343,0
32344,0
32345,0
32346,0
32347,0
32348,0
32349,0
32350,0
32351,0
32352,0
32353,0
32354,0
32355,0
32356,2
32357,2
32358,0
32359,0
32360,0
32361,0
32362,0
32363,0
32364,2
32365,2
32366,2
32367,0
32368,0
32369,0
32370,0
32371,0
32372,0
32373,0
32374,0
32375,0
32376,0
32377,0
32378,0
32379,0
32380,0
32381,0
32382,0
32383,0
32384,0
32385,0
32386,0
32387,0
32388,0
32389,0
32390,0
32391,0
32392,0
32393,0
32394,0
32395,0
32396,0
32397,0
32398,0
32399,0
32400,0
32401,0
32402,0
32403,0
32404,0
32405,0
32406,0
32407,0
32408,0
32409,0
32410,0
32411,0
32412,0
32413,0
32414,0
32415,0
32416,0
32417,0
32418,0
32419,0
32420,0
32421,0
32422,0
32423,0
32424,0
32425,2
32426,0
32427,0
32428,0
32429,0
32430,0
32431,0
32432,0
32433,0
32434,0
32435,0
32436,0
32437,2
32438,0
32439,0
32440,0
32441,0
32442,0
32443,0
32444,0
32445,0
32446,0
32447,0
32448,0
32449,0
32450,0
32451,0
32452,0
32453,0
32454,2
32455,0
32456,0
32457,2
32458,0
32459,0
32460,0
32461,0
32462,0
32463,0
32464,0
32465,0
32466,0
32467,0
32468,0
32469,0
32470,0
32471,0
32472,0
32473,0
32474,0
32475,0
32476,0
32477,0
32478,0
32479,0
32480,0
32481,0
32482,0
32483,0
32484,0
32485,0
32486,0
32487,0
32488,0
32489,0
32490,0
32491,0
32492,0
32493,2
32494,2
32495,0
32496,0
32497,0
32498,0
32499,0
32500,0
32501,0
32502,2
32503,2
32504,0
32505,0
32506,0
32507,0
32508,0
32509,0
32510,0
32511,0
32512,0
32513,0
32514,0
32515,0
32516,0
32517,0
32518,0
32519,0
32520,0
32521,0
32522,0
32523,0
32524,0
32525,0
32526,0
32527,0
32528,0
32529,0
32530,0
32531,0
32532,0
32533,0
32534,0
32535,0
32536,1
32537,0
32538,0
32539,0
32540,0
32541,0
32542,0
32543,0
32544,0
32545,0
32546,0
32547,0
32548,0
32549,0
32550,0
32551,0
32552,0
32553,0
32554,0
32555,0
32556,0
32557,0
32558,0
32559,0
32560,0
32561,0
32562,2
32563,0
32564,0
32565,0
32566,0
32567,2
32568,2
32569,0
32570,0
32571,0
32572,0
32573,0
32574,0
32575,0
32576,0
32577,0
32578,0
32579,0
32580,0
32581,0
32582,0
32583,0
32584,0
32585,0
32586,0
32587,0
32588,0
32589,0
32590,0
32591,2
32592,0
32593,0
32594,2
32595,0
32596,0
32597,0
32598,0
32599,2
32600,0
32601,1
32602,0
32603,0
32604,0
32605,0
32606,0
32607,0
32608,0
32609,0
32610,0
32611,0
32612,0
32613,0
32614,0
32615,0
32616,0
32617,0
32618,0
32619,0
32620,0
32621,0
32622,0
32623,0
32624,0
32625,0
32626,0
32627,0
32628,0
32629,0
32630,2
32631,2
32632,0
32633,0
32634,0
32635,0
32636,0
32637,0
32638,0
32639,2
32640,2
32641,0
32642,0
32643,0
32644,0
32645,0
32646,0
32647,0
32648,0
32649,0
32650,0
32651,1
32652,1
32653,0
32654,0
32655,0
32656,0
32657,0
32658,0
32659,0
32660,0
32661,0
32662,0
32663,0
32664,0
32665,0
32666,0
32667,0
32668,0
32669,0
32670,0
32671,0
32672,0
32673,1
32674,0
32675,0
32676,0
32677,0
32678,0
32679,0
32680,0
32681,0
32682,0
32683,0
32684,0
32685,0
32686,0
32687,0
32688,0
32689,0
32690,0
32691,0
32692,0
32693,0
32694,0
32695,0
32696,0
32697,0
32698,0
32699,2
32700,1
32701,0
32702,0
32703,0
32704,0
32705,0
32706,0
32707,0
32708,0
32709,0
32710,0
32711,2
32712,0
32713,0
32714,0
32715,0
32716,0
32717,0
32718,0
32719,0
32720,0
32721,0
32722,0
32723,0
32724,0
32725,0
32726,0
32727,0
32728,2
32729,0
32730,0
32731,2
32732,0
32733,0
32734,0
32735,0
32736,2
32737,0
32738,0
32739,0
32740,0
32741,0
32742,0
32743,0
32744,0
32745,0
32746,0
32747,0
32748,0
32749,0
32750,0
32751,0
32752,0
32753,0
32754,0
32755,0
32756,0
32757,0
32758,0
32759,0
32760,0
32761,0
32762,0
32763,0
32764,0
32765,0
32766,0
32767,2
32768,2
32769,0
32770,0
32771,0
32772,0
32773,0
32774,0
32775,2
32776,2
32777,2
32778,0
32779,0
32780,0
32781,0
32782,0
32783,0
32784,0
32785,0
32786,0
32787,0
32788,0
32789,0
32790,0
32791,0
32792,0
32793,0
32794,0
32795,0
32796,0
32797,0
32798,0
32799,0
32800,0
32801,0
32802,0
32803,0
32804,0
32805,0
32806,0
32807,0
32808,0
32809,0
32810,1
32811,0
32812,0
32813,0
32814,0
32815,0
32816,0
32817,0
32818,0
32819,0
32820,0
32821,0
32822,0
32823,0
32824,0
32825,0
32826,0
32827,0
32828,0
32829,0
32830,0
32831,0
32832,0
32833,0
32834,0
32835,0
32836,2
32837,2
32838,0
32839,0
32840,0
32841,0
32842,0
32843,0
32844,0
32845,1
32846,1
32847,0
32848,2
32849,0
32850,0
32851,0
32852,0
32853,2
32854,0
32855,0
32856,0
32857,0
32858,2
32859,0
32860,0
32861,0
32862,0
32863,0
32864,0
32865,2
32866,0
32867,0
32868,2
32869,0
32870,0
32871,2
32872,0
32873,2
32874,0
32875,1
32876,0
32877,0
32878,0
32879,0
32880,0
32881,0
32882,0
32883,0
32884,0
32885,0
32886,0
32887,0
32888,0
32889,0
32890,0
32891,0
32892,0
32893,0
32894,0
32895,0
32896,0
32897,0
32898,0
32899,0
32900,0
32901,0
32902,0
32903,0
32904,2
32905,2
32906,0
32907,0
32908,0
32909,0
32910,0
32911,0
32912,0
32913,2
32914,2
32915,0
32916,0
32917,0
32918,0
32919,0
32920,0
32921,0
32922,0
32923,0
32924,0
32925,0
32926,0
32927,0
32928,0
32929,0
32930,0
32931,0
32932,0
32933,0
32934,0
32935,0
32936,0
32937,0
32938,0
32939,0
32940,0
32941,0
32942,0
32943,0
32944,0
32945,0
32946,0
32947,0
32948,0
32949,0
32950,0
32951,0
32952,0
32953,0
32954,0
32955,0
32956,0
32957,0
32958,0
32959,0
32960,0
32961,0
32962,0
32963,0
32964,0
32965,0
32966,0
32967,0
32968,0
32969,0
32970,0
32971,0
32972,0
32973,2
32974,0
32975,0
32976,0
32977,0
32978,0
32979,0
32980,0
32981,0
32982,0
32983,0
32984,0
32985,0
32986,0
32987,0
32988,0
32989,0
32990,0
32991,0
32992,0
32993,0
32994,0
32995,0
32996,0
32997,0
32998,0
32999,0
33000,0
33001,0
33002,2
33003,0
33004,0
33005,2
33006,0
33007,0
33008,0
33009,0
33010,0
33011,0
33012,0
33013,0
33014,0
33015,0
33016,0
33017,0
33018,0
33019,0
33020,0
33021,0
33022,0
33023,0
33024,0
33025,0
33026,0
33027,0
33028,0
33029,0
33030,0
33031,0
33032,0
33033,0
33034,0
33035,0
33036,0
33037,0
33038,0
33039,0
33040,0
33041,2
33042,2
33043,0
33044,0
33045,0
33046,1
33047,0
33048,0
33049,2
33050,2
33051,2
33052,0
33053,0
33054,0
33055,0
33056,0
33057,0
33058,0
33059,0
33060,0
33061,2
33062,1
33063,1
33064,0
33065,0
33066,0
33067,0
33068,0
33069,0
33070,0
33071,0
33072,0
33073,0
33074,0
33075,0
33076,0
33077,0
33078,0
33079,0
33080,0
33081,0
33082,0
33083,1
33084,1
33085,0
33086,0
33087,0
33088,0
33089,0
33090,0
33091,0
33092,0
33093,0
33094,0
33095,0
33096,0
33097,0
33098,0
33099,0
33100,0
33101,0
33102,0
33103,2
33104,0
33105,0
33106,1
33107,0
33108,0
33109,0
33110,2
33111,1
33112,0
33113,0
33114,0
33115,0
33116,2
33117,0
33118,0
33119,1
33120,1
33121,2
33122,2
33123,0
33124,0
33125,0
33126,0
33127,1
33128,0
33129,0
33130,0
33131,0
33132,0
33133,0
33134,0
33135,0
33136,0
33137,0
33138,0
33139,2
33140,0
33141,0
33142,2
33143,0
33144,0
33145,2
33146,2
33147,2
33148,0
33149,1
33150,0
33151,0
33152,0
33153,0
33154,0
33155,0
33156,0
33157,0
33158,0
33159,0
33160,0
33161,0
33162,0
33163,0
33164,0
33165,0
33166,0
33167,0
33168,0
33169,0
33170,0
33171,0
33172,0
33173,0
33174,0
33175,0
33176,0
33177,0
33178,2
33179,2
33180,0
33181,2
33182,0
33183,2
33184,0
33185,0
33186,2
33187,2
33188,2
33189,0
33190,0
33191,0
33192,0
33193,0
33194,0
33195,0
33196,0
33197,0
33198,2
33199,2
33200,2
33201,0
33202,0
33203,0
33204,0
33205,0
33206,0
33207,0
33208,2
33209,0
33210,1
33211,0
33212,0
33213,0
33214,0
33215,0
33216,0
33217,0
33218,2
33219,0
33220,2
33221,1
33222,0
33223,0
33224,0
33225,0
33226,0
33227,0
33228,0
33229,0
33230,2
33231,1
33232,0
33233,2
33234,0
33235,0
33236,0
33237,0
33238,0
33239,0
33240,2
33241,0
33242,0
33243,2
33244,0
33245,0
33246,0
33247,2
33248,2
33249,0
33250,1
33251,0
33252,2
33253,2
33254,0
33255,0
33256,2
33257,1
33258,2
33259,2
33260,0
33261,0
33262,0
33263,0
33264,2
33265,0
33266,0
33267,0
33268,0
33269,2
33270,0
33271,0
33272,0
33273,0
33274,0
33275,0
33276,2
33277,0
33278,0
33279,2
33280,0
33281,0
33282,2
33283,2
33284,2
33285,0
33286,1
33287,0
33288,0
33289,0
33290,0
33291,0
33292,0
33293,0
33294,0
33295,0
33296,0
33297,0
33298,0
33299,0
33300,0
33301,0
33302,0
33303,0
33304,0
33305,0
33306,0
33307,0
33308,0
33309,0
33310,0
33311,0
33312,0
33313,0
33314,0
33315,2
33316,2
33317,0
33318,0
33319,0
33320,1
33321,0
33322,0
33323,2
33324,2
33325,2
33326,0
33327,0
33328,0
33329,0
33330,0
33331,0
33332,0
33333,0
33334,0
33335,0
33336,1
33337,1
33338,0
33339,0
33340,0
33341,0
33342,0
33343,0
33344,2
33345,2
33346,0
33347,1
33348,0
33349,0
33350,0
33351,0
33352,0
33353,0
33354,0
33355,0
33356,0
33357,1
33358,1
33359,0
33360,0
33361,0
33362,0
33363,0
33364,0
33365,0
33366,0
33367,0
33368,0
33369,0
33370,2
33371,0
33372,0
33373,0
33374,0
33375,0
33376,0
33377,2
33378,0
33379,0
33380,1
33381,0
33382,0
33383,0
33384,2
33385,1
33386,0
33387,0
33388,0
33389,1
33390,2
33391,0
33392,0
33393,1
33394,0
33395,1
33396,2
33397,0
33398,0
33399,0
33400,0
33401,1
33402,0
33403,0
33404,0
33405,0
33406,0
33407,0
33408,0
33409,0
33410,0
33411,0
33412,0
33413,2
33414,0
33415,0
33416,2
33417,0
33418,0
33419,0
33420,0
33421,2
33422,0
33423,1
33424,0
33425,0
33426,0
33427,0
33428,0
33429,0
33430,0
33431,0
33432,0
33433,0
33434,0
33435,0
33436,0
33437,0
33438,0
33439,0
33440,0
33441,0
33442,0
33443,0
33444,0
33445,0
33446,0
33447,0
33448,0
33449,0
33450,0
33451,0
33452,2
33453,2
33454,0
33455,0
33456,0
33457,0
33458,0
33459,0
33460,2
33461,2
33462,2
33463,0
33464,0
33465,0
33466,0
33467,0
33468,0
33469,0
33470,0
33471,0
33472,0
33473,1
33474,0
33475,0
33476,0
33477,0
33478,0
33479,0
33480,0
33481,0
33482,0
33483,0
33484,0
33485,0
33486,0
33487,0
33488,0
33489,0
33490,0
33491,0
33492,0
33493,0
33494,0
33495,1
33496,0
33497,0
33498,0
33499,0
33500,0
33501,0
33502,0
33503,0
33504,0
33505,0
33506,0
33507,0
33508,0
33509,0
33510,0
33511,0
33512,0
33513,0
33514,2
33515,0
33516,0
33517,2
33518,0
33519,0
33520,0
33521,2
33522,2
33523,0
33524,0
33525,0
33526,0
33527,0
33528,0
33529,0
33530,0
33531,0
33532,0
33533,0
33534,0
33535,0
33536,0
33537,0
33538,0
33539,0
33540,0
33541,0
33542,0
33543,0
33544,0
33545,0
33546,0
33547,0
33548,0
33549,0
33550,2
33551,0
33552,0
33553,2
33554,0
33555,0
33556,0
33557,0
33558,2
33559,0
33560,0
33561,0
33562,0
33563,0
33564,0
33565,0
33566,0
33567,0
33568,0
33569,0
33570,0
33571,0
33572,0
33573,0
33574,0
33575,0
33576,0
33577,0
33578,0
33579,0
33580,0
33581,0
33582,0
33583,0
33584,0
33585,0
33586,0
33587,0
33588,0
33589,2
33590,2
33591,0
33592,0
33593,0
33594,0
33595,0
33596,0
33597,0
33598,2
33599,2
33600,0
33601,0
33602,0
33603,0
33604,0
33605,0
33606,0
33607,0
33608,0
33609,0
33610,0
33611,0
33612,0
33613,0
33614,0
33615,0
33616,0
33617,0
33618,0
33619,0
33620,0
33621,0
33622,0
33623,0
33624,0
33625,0
33626,0
33627,0
33628,0
33629,0
33630,0
33631,0
33632,1
33633,0
33634,0
33635,0
33636,0
33637,0
33638,0
33639,0
33640,0
33641,0
33642,0
33643,0
33644,0
33645,0
33646,0
33647,0
33648,0
33649,0
33650,0
33651,0
33652,0
33653,0
33654,0
33655,0
33656,0
33657,0
33658,2
33659,0
33660,0
33661,0
33662,0
33663,0
33664,0
33665,0
33666,0
33667,0
33668,0
33669,0
33670,0
33671,0
33672,0
33673,0
33674,0
33675,0
33676,0
33677,0
33678,0
33679,0
33680,0
33681,0
33682,0
33683,0
33684,0
33685,0
33686,0
33687,0
33688,0
33689,0
33690,2
33691,0
33692,0
33693,0
33694,0
33695,2
33696,0
33697,0
33698,0
33699,0
33700,0
33701,0
33702,0
33703,0
33704,0
33705,0
33706,0
33707,0
33708,0
33709,0
33710,0
33711,0
33712,0
33713,0
33714,0
33715,0
33716,0
33717,0
33718,0
33719,0
33720,0
33721,0
33722,0
33723,0
33724,0
33725,0
33726,2
33727,2
33728,0
33729,2
33730,0
33731,2
33732,0
33733,0
33734,2
33735,2
33736,2
33737,0
33738,0
33739,0
33740,0
33741,0
33742,0
33743,0
33744,0
33745,0
33746,2
33747,2
33748,1
33749,0
33750,0
33751,0
33752,0
33753,0
33754,0
33755,0
33756,2
33757,0
33758,0
33759,0
33760,0
33761,0
33762,0
33763,0
33764,0
33765,0
33766,1
33767,0
33768,1
33769,1
33770,0
33771,0
33772,0
33773,0
33774,0
33775,0
33776,0
33777,0
33778,2
33779,0
33780,0
33781,2
33782,0
33783,0
33784,0
33785,0
33786,0
33787,0
33788,2
33789,0
33790,0
33791,1
33792,0
33793,0
33794,0
33795,2
33796,2
33797,0
33798,0
33799,0
33800,2
33801,2
33802,0
33803,0
33804,1
33805,1
33806,1
33807,2
33808,0
33809,0
33810,0
33811,0
33812,2
33813,0
33814,0
33815,0
33816,0
33817,0
33818,0
33819,0
33820,0
33821,0
33822,0
33823,0
33824,2
33825,0
33826,0
33827,2
33828,0
33829,0
33830,2
33831,2
33832,2
33833,0
33834,1
33835,0
33836,0
33837,0
33838,0
33839,0
33840,0
33841,0
33842,0
33843,0
33844,0
33845,0
33846,0
33847,0
33848,0
33849,0
33850,0
33851,0
33852,0
33853,0
33854,0
33855,0
33856,0
33857,0
33858,0
33859,0
33860,0
33861,0
33862,0
33863,2
33864,2
33865,0
33866,0
33867,0
33868,0
33869,0
33870,0
33871,0
33872,2
33873,2
33874,0
33875,0
33876,0
33877,0
33878,0
33879,0
33880,0
33881,0
33882,0
33883,0
33884,0
33885,0
33886,0
33887,0
33888,0
33889,0
33890,0
33891,0
33892,0
33893,0
33894,0
33895,0
33896,0
33897,0
33898,0
33899,0
33900,0
33901,0
33902,0
33903,0
33904,0
33905,0
33906,0
33907,0
33908,0
33909,0
33910,0
33911,0
33912,0
33913,0
33914,0
33915,0
33916,0
33917,0
33918,0
33919,0
33920,0
33921,0
33922,0
33923,0
33924,0
33925,0
33926,0
33927,0
33928,0
33929,0
33930,0
33931,0
33932,2
33933,0
33934,0
33935,0
33936,0
33937,0
33938,0
33939,0
33940,0
33941,0
33942,0
33943,0
33944,0
33945,0
33946,0
33947,0
33948,0
33949,0
33950,0
33951,0
33952,0
33953,0
33954,0
33955,0
33956,0
33957,0
33958,0
33959,0
33960,0
33961,2
33962,0
33963,0
33964,2
33965,0
33966,0
33967,0
33968,0
33969,2
33970,0
33971,0
33972,0
33973,0
33974,0
33975,0
33976,0
33977,0
33978,0
33979,0
33980,0
33981,0
33982,0
33983,0
33984,0
33985,0
33986,0
33987,0
33988,0
33989,0
33990,0
33991,0
33992,0
33993,0
33994,0
33995,0
33996,0
33997,0
33998,0
33999,0
34000,2
34001,2
34002,0
34003,0
34004,0
34005,1
34006,0
34007,0
34008,2
34009,2
34010,2
34011,0
34012,0
34013,0
34014,0
34015,0
34016,0
34017,0
34018,0
34019,0
34020,1
34021,1
34022,1
34023,0
34024,0
34025,0
34026,0
34027,0
34028,0
34029,0
34030,2
34031,0
34032,0
34033,0
34034,0
34035,0
34036,0
34037,0
34038,0
34039,0
34040,0
34041,0
34042,1
34043,1
34044,0
34045,0
34046,0
34047,0
34048,0
34049,0
34050,0
34051,0
34052,2
34053,0
34054,0
34055,0
34056,0
34057,0
34058,0
34059,0
34060,0
34061,0
34062,1
34063,0
34064,0
34065,1
34066,0
34067,0
34068,0
34069,2
34070,1
34071,0
34072,0
34073,0
34074,0
34075,2
34076,0
34077,0
34078,1
34079,0
34080,1
34081,2
34082,0
34083,0
34084,0
34085,0
34086,1
34087,0
34088,0
34089,0
34090,0
34091,0
34092,0
34093,0
34094,0
34095,0
34096,0
34097,0
34098,2
34099,0
34100,0
34101,2
34102,0
34103,0
34104,1
34105,1
34106,2
34107,0
34108,1
34109,0
34110,0
34111,0
34112,0
34113,0
34114,0
34115,0
34116,0
34117,0
34118,0
34119,0
34120,0
34121,0
34122,0
34123,0
34124,0
34125,0
34126,0
34127,0
34128,0
34129,0
34130,0
34131,0
34132,0
34133,0
34134,0
34135,0
34136,0
34137,2
34138,2
34139,0
34140,0
34141,0
34142,2
34143,0
34144,0
34145,2
34146,2
34147,2
34148,2
34149,0
34150,0
34151,0
34152,0
34153,0
34154,0
34155,0
34156,0
34157,0
34158,2
34159,0
34160,0
34161,0
34162,0
34163,0
34164,0
34165,0
34166,0
34167,0
34168,0
34169,0
34170,0
34171,0
34172,0
34173,0
34174,0
34175,0
34176,0
34177,0
34178,0
34179,0
34180,0
34181,0
34182,0
34183,0
34184,0
34185,0
34186,0
34187,0
34188,0
34189,2
34190,0
34191,0
34192,2
34193,0
34194,0
34195,0
34196,0
34197,0
34198,0
34199,0
34200,0
34201,0
34202,0
34203,0
34204,0
34205,0
34206,2
34207,0
34208,0
34209,0
34210,0
34211,2
34212,2
34213,0
34214,0
34215,0
34216,0
34217,2
34218,2
34219,0
34220,0
34221,0
34222,0
34223,2
34224,0
34225,0
34226,0
34227,0
34228,0
34229,0
34230,0
34231,0
34232,0
34233,0
34234,0
34235,2
34236,0
34237,0
34238,2
34239,0
34240,0
34241,2
34242,2
34243,2
34244,0
34245,0
34246,0
34247,0
34248,0
34249,0
34250,0
34251,0
34252,0
34253,0
34254,0
34255,0
34256,0
34257,0
34258,0
34259,0
34260,0
34261,0
34262,0
34263,0
34264,0
34265,0
34266,0
34267,0
34268,0
34269,0
34270,0
34271,0
34272,0
34273,0
34274,2
34275,2
34276,0
34277,0
34278,0
34279,0
34280,0
34281,0
34282,0
34283,2
34284,2
34285,0
34286,0
34287,0
34288,0
34289,0
34290,0
34291,0
34292,0
34293,0
34294,0
34295,0
34296,0
34297,0
34298,0
34299,0
34300,0
34301,0
34302,0
34303,0
34304,0
34305,0
34306,0
34307,0
34308,0
34309,0
34310,0
34311,0
34312,0
34313,0
34314,0
34315,0
34316,0
34317,0
34318,0
34319,0
34320,0
34321,0
34322,0
34323,0
34324,0
34325,0
34326,0
34327,0
34328,0
34329,0
34330,0
34331,0
34332,0
34333,0
34334,0
34335,0
34336,0
34337,0
34338,0
34339,0
34340,0
34341,0
34342,0
34343,2
34344,0
34345,0
34346,0
34347,0
34348,0
34349,0
34350,0
34351,0
34352,0
34353,0
34354,0
34355,0
34356,0
34357,0
34358,0
34359,0
34360,0
34361,0
34362,0
34363,0
34364,0
34365,0
34366,0
34367,0
34368,0
34369,0
34370,0
34371,0
34372,0
34373,0
34374,0
34375,2
34376,0
34377,0
34378,0
34379,0
34380,2
34381,0
34382,0
34383,0
34384,0
34385,0
34386,0
34387,0
34388,0
34389,0
34390,0
34391,0
34392,0
34393,0
34394,0
34395,0
34396,0
34397,0
34398,0
34399,0
34400,0
34401,0
34402,0
34403,0
34404,0
34405,0
34406,0
34407,0
34408,0
34409,0
34410,0
34411,2
34412,2
34413,0
34414,0
34415,0
34416,1
34417,0
34418,0
34419,2
34420,2
34421,2
34422,0
34423,0
34424,0
34425,0
34426,0
34427,0
34428,0
34429,0
34430,0
34431,0
34432,1
34433,0
34434,0
34435,0
34436,0
34437,0
34438,0
34439,0
34440,0
34441,0
34442,0
34443,0
34444,0
34445,0
34446,0
34447,0
34448,0
34449,0
34450,0
34451,0
34452,0
34453,0
34454,1
34455,0
34456,0
34457,0
34458,0
34459,0
34460,0
34461,0
34462,0
34463,0
34464,0
34465,0
34466,0
34467,0
34468,0
34469,0
34470,0
34471,0
34472,0
34473,0
34474,0
34475,0
34476,0
34477,0
34478,0
34479,0
34480,2
34481,0
34482,0
34483,0
34484,0
34485,0
34486,0
34487,0
34488,0
34489,0
34490,0
34491,0
34492,2
34493,0
34494,0
34495,0
34496,0
34497,0
34498,0
34499,0
34500,0
34501,0
34502,0
34503,0
34504,0
34505,0
34506,0
34507,0
34508,0
34509,2
34510,0
34511,0
34512,2
34513,0
34514,0
34515,2
34516,0
34517,2
34518,0
34519,0
34520,0
34521,0
34522,0
34523,0
34524,0
34525,0
34526,0
34527,0
34528,0
34529,0
34530,0
34531,0
34532,0
34533,0
34534,0
34535,0
34536,0
34537,0
34538,0
34539,0
34540,0
34541,0
34542,0
34543,0
34544,0
34545,0
34546,0
34547,0
34548,2
34549,2
34550,0
34551,0
34552,0
34553,0
34554,0
34555,0
34556,0
34557,2
34558,2
34559,0
34560,0
34561,0
34562,0
34563,0
34564,0
34565,0
34566,0
34567,0
34568,0
34569,0
34570,0
34571,0
34572,0
34573,0
34574,0
34575,0
34576,0
34577,0
34578,0
34579,0
34580,0
34581,0
34582,0
34583,0
34584,0
34585,0
34586,0
34587,0
34588,0
34589,0
34590,0
34591,0
34592,0
34593,0
34594,0
34595,0
34596,0
34597,0
34598,0
34599,0
34600,0
34601,0
34602,0
34603,0
34604,0
34605,0
34606,0
34607,0
34608,0
34609,0
34610,0
34611,0
34612,0
34613,0
34614,0
34615,0
34616,0
34617,2
34618,0
34619,0
34620,0
34621,0
34622,0
34623,2
34624,0
34625,0
34626,0
34627,0
34628,0
34629,0
34630,0
34631,0
34632,0
34633,0
34634,0
34635,0
34636,0
34637,0
34638,0
34639,0
34640,0
34641,0
34642,0
34643,0
34644,0
34645,0
34646,2
34647,0
34648,0
34649,2
34650,0
34651,0
34652,0
34653,0
34654,0
34655,0
34656,0
34657,0
34658,0
34659,0
34660,0
34661,0
34662,0
34663,0
34664,0
34665,0
34666,0
34667,0
34668,0
34669,0
34670,0
34671,0
34672,0
34673,0
34674,0
34675,0
34676,0
34677,0
34678,0
34679,0
34680,0
34681,0
34682,0
34683,0
34684,0
34685,2
34686,2
34687,0
34688,2
34689,0
34690,2
34691,0
34692,0
34693,2
34694,2
34695,2
34696,0
34697,0
34698,0
34699,0
34700,0
34701,0
34702,0
34703,0
34704,0
34705,2
34706,2
34707,2
34708,0
34709,0
34710,0
34711,0
34712,0
34713,0
34714,0
34715,0
34716,0
34717,1
34718,0
34719,1
34720,0
34721,0
34722,0
34723,0
34724,0
34725,2
34726,0
34727,2
34728,1
34729,0
34730,0
34731,0
34732,0
34733,0
34734,0
34735,0
34736,0
34737,2
34738,1
34739,0
34740,2
34741,0
34742,0
34743,0
34744,0
34745,0
34746,0
34747,2
34748,0
34749,0
34750,2
34751,0
34752,0
34753,0
34754,2
34755,2
34756,0
34757,0
34758,0
34759,2
34760,2
34761,0
34762,0
34763,2
34764,1
34765,2
34766,2
34767,0
34768,0
34769,0
34770,0
34771,1
34772,0
34773,1
34774,0
34775,0
34776,0
34777,0
34778,0
34779,0
34780,0
34781,0
34782,0
34783,2
34784,0
34785,0
34786,2
34787,0
34788,0
34789,2
34790,2
34791,2
34792,0
34793,1
34794,0
34795,0
34796,0
34797,0
34798,0
34799,0
34800,0
34801,0
34802,0
34803,0
34804,0
34805,0
34806,0
34807,0
34808,0
34809,0
34810,0
34811,0
34812,0
34813,0
34814,0
34815,0
34816,0
34817,0
34818,0
34819,0
34820,0
34821,0
34822,2
34823,2
34824,0
34825,0
34826,0
34827,1
34828,0
34829,0
34830,2
34831,2
34832,2
34833,0
34834,0
34835,0
34836,0
34837,0
34838,0
34839,0
34840,0
34841,0
34842,0
34843,1
34844,0
34845,0
34846,0
34847,0
34848,0
34849,0
34850,0
34851,0
34852,0
34853,0
34854,0
34855,0
34856,0
34857,0
34858,0
34859,0
34860,0
34861,0
34862,0
34863,0
34864,0
34865,0
34866,0
34867,0
34868,0
34869,0
34870,0
34871,0
34872,0
34873,0
34874,0
34875,0
34876,0
34877,0
34878,0
34879,0
34880,0
34881,0
34882,0
34883,0
34884,0
34885,0
34886,0
34887,0
34888,0
34889,0
34890,0
34891,2
34892,0
34893,0
34894,0
34895,0
34896,0
34897,2
34898,0
34899,0
34900,0
34901,0
34902,0
34903,2
34904,0
34905,0
34906,0
34907,0
34908,0
34909,0
34910,0
34911,0
34912,0
34913,0
34914,0
34915,0
34916,0
34917,0
34918,0
34919,0
34920,2
34921,0
34922,0
34923,2
34924,0
34925,0
34926,0
34927,0
34928,2
34929,0
34930,1
34931,0
34932,0
34933,0
34934,0
34935,0
34936,0
34937,0
34938,0
34939,0
34940,0
34941,0
34942,0
34943,0
34944,0
34945,0
34946,0
34947,0
34948,0
34949,0
34950,0
34951,0
34952,0
34953,0
34954,0
34955,0
34956,0
34957,0
34958,0
34959,2
34960,2
34961,0
34962,0
34963,0
34964,0
34965,0
34966,0
34967,0
34968,2
34969,2
34970,0
34971,0
34972,0
34973,0
34974,0
34975,0
34976,0
34977,0
34978,0
34979,0
34980,0
34981,0
34982,0
34983,0
34984,0
34985,0
34986,0
34987,0
34988,0
34989,0
34990,0
34991,0
34992,0
34993,0
34994,0
34995,0
34996,0
34997,0
34998,0
34999,0
35000,0
35001,0
35002,0
35003,0
35004,0
35005,0
35006,0
35007,0
35008,0
35009,0
35010,0
35011,0
35012,0
35013,0
35014,0
35015,0
35016,0
35017,0
35018,0
35019,0
35020,0
35021,0
35022,0
35023,0
35024,0
35025,0
35026,0
35027,0
35028,2
35029,0
35030,0
35031,0
35032,0
35033,0
35034,0
35035,0
35036,0
35037,0
35038,0
35039,0
35040,0
35041,0
35042,0
35043,0
35044,0
35045,0
35046,0
35047,0
35048,0
35049,0
35050,0
35051,0
35052,0
35053,0
35054,0
35055,0
35056,0
35057,0
35058,0
35059,0
35060,2
35061,0
35062,0
35063,0
35064,0
35065,0
35066,0
35067,0
35068,0
35069,0
35070,0
35071,0
35072,0
35073,0
35074,0
35075,0
35076,0
35077,0
35078,0
35079,0
35080,0
35081,0
35082,0
35083,0
35084,0
35085,0
35086,0
35087,0
35088,0
35089,0
35090,0
35091,0
35092,0
35093,0
35094,0
35095,0
35096,2
35097,2
35098,0
35099,0
35100,0
35101,0
35102,0
35103,0
35104,0
35105,2
35106,2
35107,0
35108,0
35109,0
35110,0
35111,0
35112,0
35113,0
35114,0
35115,0
35116,0
35117,0
35118,0
35119,0
35120,0
35121,0
35122,0
35123,0
35124,0
35125,0
35126,0
35127,0
35128,0
35129,0
35130,0
35131,0
35132,0
35133,0
35134,0
35135,0
35136,0
35137,0
35138,0
35139,0
35140,0
35141,0
35142,0
35143,0
35144,0
35145,0
35146,0
35147,0
35148,0
35149,0
35150,0
35151,0
35152,0
35153,0
35154,0
35155,0
35156,0
35157,0
35158,0
35159,0
35160,0
35161,0
35162,0
35163,0
35164,0
35165,2
35166,0
35167,0
35168,0
35169,0
35170,0
35171,0
35172,0
35173,0
35174,0
35175,0
35176,0
35177,2
35178,0
35179,0
35180,0
35181,0
35182,0
35183,0
35184,0
35185,0
35186,0
35187,0
35188,0
35189,0
35190,0
35191,0
35192,0
35193,0
35194,0
35195,0
35196,0
35197,2
35198,0
35199,0
35200,0
35201,0
35202,0
35203,0
35204,0
35205,0
35206,0
35207,0
35208,0
35209,0
35210,0
35211,0
35212,0
35213,0
35214,0
35215,0
35216,0
35217,0
35218,0
35219,0
35220,0
35221,0
35222,0
35223,0
35224,0
35225,0
35226,0
35227,0
35228,0
35229,0
35230,0
35231,0
35232,0
35233,2
35234,2
35235,0
35236,0
35237,0
35238,0
35239,0
35240,0
35241,0
35242,2
35243,2
35244,0
35245,0
35246,0
35247,0
35248,0
35249,0
35250,0
35251,0
35252,0
35253,0
35254,0
35255,0
35256,0
35257,0
35258,0
35259,0
35260,0
35261,0
35262,0
35263,0
35264,0
35265,0
35266,0
35267,0
35268,0
35269,0
35270,0
35271,0
35272,0
35273,0
35274,0
35275,0
35276,0
35277,0
35278,0
35279,0
35280,0
35281,0
35282,0
35283,0
35284,0
35285,0
35286,0
35287,0
35288,0
35289,0
35290,0
35291,0
35292,0
35293,0
35294,0
35295,0
35296,0
35297,0
35298,0
35299,0
35300,0
35301,0
35302,2
35303,0
35304,0
35305,0
35306,0
35307,2
35308,0
35309,0
35310,0
35311,0
35312,0
35313,0
35314,2
35315,0
35316,0
35317,0
35318,0
35319,0
35320,0
35321,0
35322,0
35323,0
35324,0
35325,0
35326,0
35327,0
35328,0
35329,0
35330,0
35331,2
35332,0
35333,0
35334,0
35335,0
35336,0
35337,0
35338,0
35339,2
35340,0
35341,0
35342,0
35343,0
35344,0
35345,0
35346,0
35347,0
35348,0
35349,0
35350,0
35351,0
35352,0
35353,0
35354,0
35355,0
35356,0
35357,0
35358,0
35359,0
35360,0
35361,0
35362,0
35363,0
35364,0
35365,0
35366,0
35367,0
35368,0
35369,0
35370,2
35371,2
35372,0
35373,0
35374,0
35375,0
35376,0
35377,0
35378,0
35379,2
35380,2
35381,0
35382,0
35383,0
35384,0
35385,0
35386,0
35387,0
35388,0
35389,0
35390,0
35391,0
35392,0
35393,0
35394,0
35395,0
35396,0
35397,0
35398,0
35399,0
35400,0
35401,0
35402,0
35403,0
35404,0
35405,0
35406,0
35407,0
35408,0
35409,0
35410,0
35411,0
35412,0
35413,0
35414,0
35415,0
35416,0
35417,0
35418,0
35419,0
35420,0
35421,0
35422,0
35423,0
35424,0
35425,0
35426,0
35427,0
35428,0
35429,0
35430,0
35431,0
35432,0
35433,0
35434,0
35435,0
35436,0
35437,0
35438,0
35439,2
35440,0
35441,0
35442,0
35443,0
35444,0
35445,0
35446,0
35447,0
35448,0
35449,0
35450,0
35451,0
35452,0
35453,0
35454,0
35455,0
35456,0
35457,0
35458,0
35459,0
35460,0
35461,0
35462,0
35463,0
35464,0
35465,0
35466,0
35467,0
35468,0
35469,0
35470,0
35471,2
35472,0
35473,0
35474,0
35475,0
35476,2
35477,0
35478,0
35479,0
35480,0
35481,0
35482,0
35483,0
35484,0
35485,0
35486,0
35487,0
35488,0
35489,0
35490,0
35491,0
35492,0
35493,0
35494,0
35495,0
35496,0
35497,0
35498,0
35499,0
35500,0
35501,0
35502,0
35503,0
35504,0
35505,0
35506,0
35507,2
35508,2
35509,0
35510,0
35511,0
35512,1
35513,0
35514,0
35515,2
35516,2
35517,2
35518,0
35519,0
35520,0
35521,0
35522,0
35523,0
35524,0
35525,0
35526,0
35527,0
35528,2
35529,1
35530,0
35531,0
35532,0
35533,0
35534,0
35535,0
35536,0
35537,0
35538,0
35539,0
35540,0
35541,0
35542,0
35543,0
35544,0
35545,0
35546,0
35547,0
35548,0
35549,0
35550,1
35551,0
35552,0
35553,0
35554,0
35555,0
35556,0
35557,0
35558,0
35559,0
35560,0
35561,0
35562,0
35563,0
35564,0
35565,0
35566,0
35567,0
35568,0
35569,0
35570,0
35571,0
35572,0
35573,0
35574,0
35575,0
35576,2
35577,0
35578,0
35579,0
35580,0
35581,0
35582,2
35583,0
35584,0
35585,0
35586,1
35587,0
35588,2
35589,0
35590,0
35591,0
35592,0
35593,2
35594,0
35595,0
35596,0
35597,0
35598,0
35599,0
35600,0
35601,0
35602,0
35603,0
35604,0
35605,2
35606,0
35607,0
35608,2
35609,0
35610,0
35611,2
35612,2
35613,2
35614,0
35615,1
35616,0
35617,0
35618,0
35619,0
35620,0
35621,0
35622,0
35623,0
35624,0
35625,0
35626,0
35627,0
35628,0
35629,0
35630,0
35631,0
35632,0
35633,0
35634,0
35635,0
35636,0
35637,0
35638,0
35639,0
35640,0
35641,0
35642,0
35643,0
35644,2
35645,2
35646,0
35647,2
35648,1
35649,2
35650,0
35651,0
35652,2
35653,2
35654,2
35655,0
35656,0
35657,0
35658,0
35659,0
35660,0
35661,0
35662,0
35663,0
35664,2
35665,2
35666,1
35667,0
35668,0
35669,0
35670,0
35671,0
35672,0
35673,0
35674,0
35675,0
35676,1
35677,0
35678,0
35679,0
35680,0
35681,0
35682,0
35683,0
35684,0
35685,0
35686,1
35687,2
35688,0
35689,0
35690,0
35691,0
35692,0
35693,0
35694,0
35695,0
35696,2
35697,0
35698,0
35699,0
35700,0
35701,0
35702,0
35703,0
35704,0
35705,0
35706,2
35707,0
35708,0
35709,1
35710,0
35711,0
35712,0
35713,2
35714,2
35715,0
35716,0
35717,0
35718,2
35719,2
35720,0
35721,0
35722,1
35723,1
35724,2
35725,2
35726,0
35727,0
35728,0
35729,0
35730,1
35731,0
35732,0
35733,0
35734,0
35735,0
35736,0
35737,0
35738,0
35739,0
35740,0
35741,0
35742,2
35743,0
35744,0
35745,2
35746,0
35747,0
35748,2
35749,2
35750,2
35751,0
35752,1
35753,0
35754,0
35755,0
35756,0
35757,0
35758,0
35759,0
35760,0
35761,0
35762,0
35763,0
35764,0
35765,0
35766,0
35767,0
35768,0
35769,0
35770,0
35771,0
35772,0
35773,0
35774,0
35775,0
35776,0
35777,0
35778,0
35779,0
35780,0
35781,2
35782,2
35783,0
35784,0
35785,0
35786,0
35787,0
35788,0
35789,2
35790,2
35791,2
35792,0
35793,0
35794,0
35795,0
35796,0
35797,0
35798,0
35799,0
35800,0
35801,0
35802,1
35803,0
35804,0
35805,0
35806,0
35807,0
35808,0
35809,0
35810,0
35811,0
35812,0
35813,0
35814,0
35815,0
35816,0
35817,0
35818,0
35819,0
35820,0
35821,0
35822,0
35823,0
35824,0
35825,0
35826,0
35827,0
35828,0
35829,0
35830,0
35831,0
35832,0
35833,0
35834,0
35835,0
35836,0
35837,0
35838,0
35839,0
35840,0
35841,0
35842,0
35843,0
35844,0
35845,0
35846,0
35847,0
35848,0
35849,0
35850,2
35851,0
35852,0
35853,0
35854,0
35855,0
35856,0
35857,0
35858,0
35859,0
35860,0
35861,0
35862,2
35863,0
35864,0
35865,0
35866,0
35867,0
35868,0
35869,0
35870,0
35871,0
35872,0
35873,0
35874,0
35875,0
35876,0
35877,0
35878,0
35879,2
35880,0
35881,0
35882,2
35883,0
35884,0
35885,2
35886,0
35887,2
35888,0
35889,0
35890,0
35891,0
35892,0
35893,0
35894,0
35895,0
35896,0
35897,0
35898,0
35899,0
35900,0
35901,0
35902,0
35903,0
35904,0
35905,0
35906,0
35907,0
35908,0
35909,0
35910,0
35911,0
35912,0
35913,0
35914,0
35915,0
35916,0
35917,0
35918,2
35919,2
35920,0
35921,0
35922,0
35923,0
35924,0
35925,0
35926,0
35927,2
35928,2
35929,0
35930,0
35931,0
35932,0
35933,0
35934,0
35935,0
35936,0
35937,0
35938,0
35939,0
35940,0
35941,0
35942,0
35943,0
35944,0
35945,0
35946,0
35947,0
35948,0
35949,0
35950,0
35951,0
35952,0
35953,0
35954,0
35955,0
35956,0
35957,0
35958,0
35959,0
35960,0
35961,1
35962,0
35963,0
35964,0
35965,0
35966,0
35967,0
35968,0
35969,0
35970,0
35971,0
35972,0
35973,0
35974,0
35975,0
35976,0
35977,0
35978,0
35979,0
35980,0
35981,0
35982,0
35983,0
35984,0
35985,0
35986,0
35987,2
35988,0
35989,0
35990,0
35991,0
35992,0
35993,0
35994,0
35995,0
35996,0
35997,0
35998,0
35999,0
36000,0
36001,0
36002,0
36003,0
36004,0
36005,0
36006,0
36007,0
36008,0
36009,0
36010,0
36011,0
36012,0
36013,0
36014,0
36015,0
36016,2
36017,0
36018,0
36019,2
36020,0
36021,0
36022,0
36023,0
36024,2
36025,0
36026,0
36027,0
36028,0
36029,0
36030,0
36031,0
36032,0
36033,0
36034,0
36035,0
36036,0
36037,0
36038,0
36039,0
36040,0
36041,0
36042,0
36043,0
36044,0
36045,0
36046,0
36047,0
36048,0
36049,0
36050,0
36051,0
36052,0
36053,0
36054,0
36055,2
36056,2
36057,0
36058,0
36059,0
36060,0
36061,0
36062,0
36063,0
36064,2
36065,2
36066,0
36067,0
36068,0
36069,0
36070,0
36071,0
36072,0
36073,0
36074,0
36075,0
36076,0
36077,0
36078,0
36079,0
36080,0
36081,0
36082,0
36083,0
36084,0
36085,0
36086,0
36087,0
36088,0
36089,0
36090,0
36091,0
36092,0
36093,0
36094,0
36095,0
36096,0
36097,0
36098,0
36099,0
36100,0
36101,0
36102,0
36103,0
36104,0
36105,0
36106,0
36107,0
36108,0
36109,0
36110,0
36111,0
36112,0
36113,0
36114,0
36115,0
36116,0
36117,0
36118,0
36119,0
36120,0
36121,0
36122,0
36123,0
36124,2
36125,0
36126,0
36127,0
36128,0
36129,0
36130,0
36131,0
36132,0
36133,0
36134,0
36135,0
36136,0
36137,0
36138,0
36139,0
36140,0
36141,0
36142,0
36143,0
36144,0
36145,0
36146,0
36147,0
36148,0
36149,0
36150,0
36151,0
36152,0
36153,2
36154,0
36155,0
36156,2
36157,0
36158,0
36159,0
36160,0
36161,0
36162,0
36163,0
36164,0
36165,0
36166,0
36167,0
36168,0
36169,0
36170,0
36171,0
36172,0
36173,0
36174,0
36175,0
36176,0
36177,0
36178,0
36179,0
36180,0
36181,0
36182,0
36183,0
36184,0
36185,0
36186,0
36187,0
36188,0
36189,0
36190,0
36191,0
36192,2
36193,2
36194,0
36195,0
36196,0
36197,0
36198,0
36199,0
36200,0
36201,2
36202,2
36203,0
36204,0
36205,0
36206,0
36207,0
36208,0
36209,0
36210,0
36211,0
36212,0
36213,0
36214,0
36215,0
36216,0
36217,0
36218,0
36219,0
36220,0
36221,0
36222,0
36223,0
36224,0
36225,0
36226,0
36227,0
36228,0
36229,0
36230,0
36231,0
36232,0
36233,0
36234,0
36235,0
36236,0
36237,0
36238,0
36239,0
36240,0
36241,0
36242,0
36243,0
36244,0
36245,0
36246,0
36247,0
36248,0
36249,0
36250,0
36251,0
36252,0
36253,0
36254,0
36255,0
36256,0
36257,0
36258,0
36259,0
36260,0
36261,2
36262,0
36263,0
36264,0
36265,0
36266,0
36267,0
36268,0
36269,0
36270,0
36271,0
36272,0
36273,0
36274,0
36275,0
36276,0
36277,0
36278,0
36279,0
36280,0
36281,0
36282,0
36283,0
36284,0
36285,0
36286,0
36287,0
36288,0
36289,0
36290,2
36291,0
36292,0
36293,2
36294,0
36295,0
36296,0
36297,0
36298,0
36299,0
36300,0
36301,0
36302,0
36303,0
36304,0
36305,0
36306,0
36307,0
36308,0
36309,0
36310,0
36311,0
36312,0
36313,0
36314,0
36315,0
36316,0
36317,0
36318,0
36319,0
36320,0
36321,0
36322,0
36323,0
36324,0
36325,0
36326,0
36327,0
36328,0
36329,2
36330,2
36331,0
36332,0
36333,0
36334,1
36335,0
36336,0
36337,2
36338,2
36339,2
36340,0
36341,0
36342,0
36343,0
36344,0
36345,0
36346,0
36347,0
36348,0
36349,0
36350,1
36351,1
36352,0
36353,0
36354,0
36355,0
36356,0
36357,0
36358,0
36359,0
36360,0
36361,0
36362,0
36363,0
36364,0
36365,0
36366,0
36367,0
36368,0
36369,0
36370,0
36371,0
36372,1
36373,0
36374,0
36375,0
36376,0
36377,0
36378,0
36379,0
36380,0
36381,2
36382,0
36383,0
36384,0
36385,0
36386,0
36387,0
36388,0
36389,0
36390,0
36391,0
36392,0
36393,0
36394,0
36395,0
36396,0
36397,0
36398,2
36399,0
36400,0
36401,0
36402,0
36403,2
36404,2
36405,0
36406,0
36407,0
36408,0
36409,0
36410,2
36411,0
36412,0
36413,0
36414,0
36415,1
36416,0
36417,0
36418,0
36419,0
36420,0
36421,0
36422,0
36423,0
36424,0
36425,0
36426,0
36427,2
36428,0
36429,0
36430,2
36431,0
36432,0
36433,0
36434,0
36435,2
36436,0
36437,0
36438,0
36439,0
36440,0
36441,0
36442,0
36443,0
36444,0
36445,0
36446,0
36447,0
36448,0
36449,0
36450,0
36451,0
36452,0
36453,0
36454,0
36455,0
36456,0
36457,0
36458,0
36459,0
36460,0
36461,0
36462,0
36463,0
36464,0
36465,0
36466,2
36467,2
36468,0
36469,0
36470,0
36471,0
36472,0
36473,0
36474,2
36475,2
36476,2
36477,0
36478,0
36479,0
36480,0
36481,0
36482,0
36483,0
36484,0
36485,0
36486,0
36487,2
36488,1
36489,0
36490,0
36491,0
36492,0
36493,0
36494,0
36495,0
36496,0
36497,0
36498,0
36499,0
36500,0
36501,0
36502,0
36503,0
36504,0
36505,0
36506,0
36507,0
36508,0
36509,1
36510,0
36511,0
36512,0
36513,0
36514,0
36515,0
36516,0
36517,0
36518,0
36519,0
36520,0
36521,0
36522,0
36523,0
36524,0
36525,0
36526,0
36527,0
36528,0
36529,0
36530,0
36531,0
36532,0
36533,0
36534,0
36535,2
36536,0
36537,0
36538,0
36539,0
36540,0
36541,0
36542,0
36543,0
36544,0
36545,0
36546,0
36547,2
36548,0
36549,0
36550,0
36551,0
36552,0
36553,0
36554,0
36555,0
36556,0
36557,0
36558,0
36559,0
36560,0
36561,0
36562,0
36563,0
36564,2
36565,0
36566,0
36567,2
36568,0
36569,0
36570,2
36571,0
36572,0
36573,0
36574,0
36575,0
36576,0
36577,0
36578,0
36579,0
36580,0
36581,0
36582,0
36583,0
36584,0
36585,0
36586,0
36587,0
36588,0
36589,0
36590,0
36591,0
36592,0
36593,0
36594,0
36595,0
36596,0
36597,0
36598,0
36599,0
36600,0
36601,0
36602,0
36603,2
36604,2
36605,0
36606,0
36607,0
36608,0
36609,0
36610,0
36611,0
36612,2
36613,2
36614,0
36615,0
36616,0
36617,0
36618,0
36619,0
36620,0
36621,0
36622,0
36623,0
36624,1
36625,0
36626,0
36627,0
36628,0
36629,0
36630,0
36631,0
36632,0
36633,0
36634,0
36635,0
36636,0
36637,0
36638,0
36639,0
36640,0
36641,0
36642,0
36643,0
36644,0
36645,0
36646,0
36647,0
36648,0
36649,0
36650,0
36651,0
36652,0
36653,0
36654,0
36655,0
36656,0
36657,0
36658,0
36659,0
36660,0
36661,0
36662,0
36663,0
36664,0
36665,0
36666,0
36667,0
36668,0
36669,0
36670,0
36671,0
36672,2
36673,0
36674,0
36675,0
36676,0
36677,2
36678,2
36679,0
36680,0
36681,0
36682,0
36683,0
36684,2
36685,0
36686,0
36687,0
36688,0
36689,0
36690,0
36691,0
36692,0
36693,0
36694,0
36695,0
36696,0
36697,0
36698,0
36699,0
36700,0
36701,2
36702,0
36703,0
36704,1
36705,0
36706,0
36707,2
36708,0
36709,2
36710,0
36711,0
36712,0
36713,0
36714,0
36715,0
36716,0
36717,0
36718,0
36719,0
36720,0
36721,0
36722,0
36723,0
36724,0
36725,0
36726,0
36727,0
36728,0
36729,0
36730,0
36731,0
36732,0
36733,0
36734,0
36735,0
36736,0
36737,0
36738,0
36739,0
36740,2
36741,2
36742,0
36743,0
36744,0
36745,0
36746,0
36747,0
36748,0
36749,2
36750,2
36751,0
36752,0
36753,0
36754,0
36755,0
36756,0
36757,0
36758,0
36759,0
36760,0
36761,1
36762,1
36763,0
36764,0
36765,0
36766,0
36767,0
36768,0
36769,0
36770,0
36771,0
36772,0
36773,0
36774,0
36775,0
36776,0
36777,0
36778,0
36779,0
36780,0
36781,0
36782,0
36783,1
36784,0
36785,0
36786,0
36787,0
36788,0
36789,0
36790,0
36791,0
36792,0
36793,0
36794,0
36795,0
36796,0
36797,0
36798,0
36799,0
36800,0
36801,0
36802,0
36803,0
36804,0
36805,1
36806,0
36807,0
36808,0
36809,2
36810,0
36811,0
36812,0
36813,0
36814,0
36815,0
36816,0
36817,0
36818,0
36819,1
36820,0
36821,2
36822,0
36823,0
36824,0
36825,0
36826,1
36827,0
36828,0
36829,0
36830,0
36831,0
36832,0
36833,0
36834,0
36835,0
36836,0
36837,0
36838,2
36839,0
36840,0
36841,2
36842,0
36843,0
36844,0
36845,0
36846,0
36847,0
36848,0
36849,0
36850,0
36851,0
36852,0
36853,0
36854,0
36855,0
36856,0
36857,0
36858,0
36859,0
36860,0
36861,0
36862,0
36863,0
36864,0
36865,0
36866,0
36867,0
36868,0
36869,0
36870,0
36871,0
36872,0
36873,0
36874,0
36875,0
36876,0
36877,2
36878,2
36879,0
36880,0
36881,0
36882,0
36883,0
36884,0
36885,0
36886,2
36887,2
36888,0
36889,0
36890,0
36891,0
36892,0
36893,0
36894,0
36895,0
36896,0
36897,0
36898,0
36899,0
36900,0
36901,0
36902,0
36903,0
36904,0
36905,0
36906,0
36907,0
36908,0
36909,0
36910,0
36911,0
36912,0
36913,0
36914,0
36915,0
36916,0
36917,0
36918,0
36919,0
36920,0
36921,0
36922,0
36923,0
36924,0
36925,0
36926,0
36927,0
36928,0
36929,0
36930,0
36931,0
36932,0
36933,0
36934,0
36935,0
36936,0
36937,0
36938,0
36939,0
36940,0
36941,0
36942,0
36943,0
36944,0
36945,0
36946,2
36947,0
36948,0
36949,0
36950,0
36951,0
36952,0
36953,0
36954,0
36955,0
36956,0
36957,0
36958,0
36959,0
36960,0
36961,0
36962,0
36963,0
36964,0
36965,0
36966,0
36967,0
36968,0
36969,0
36970,0
36971,0
36972,0
36973,0
36974,0
36975,0
36976,0
36977,0
36978,2
36979,0
36980,0
36981,0
36982,0
36983,0
36984,0
36985,0
36986,0
36987,0
36988,0
36989,0
36990,0
36991,0
36992,0
36993,0
36994,0
36995,0
36996,0
36997,0
36998,0
36999,0
37000,0
37001,0
37002,0
37003,0
37004,0
37005,0
37006,0
37007,0
37008,0
37009,0
37010,0
37011,0
37012,0
37013,0
37014,2
37015,2
37016,0
37017,0
37018,0
37019,1
37020,0
37021,0
37022,2
37023,2
37024,2
37025,0
37026,0
37027,0
37028,0
37029,0
37030,0
37031,0
37032,0
37033,0
37034,0
37035,1
37036,1
37037,0
37038,0
37039,0
37040,0
37041,0
37042,0
37043,0
37044,0
37045,0
37046,0
37047,0
37048,0
37049,0
37050,0
37051,0
37052,0
37053,0
37054,0
37055,0
37056,0
37057,1
37058,0
37059,0
37060,0
37061,0
37062,0
37063,0
37064,0
37065,0
37066,0
37067,0
37068,0
37069,0
37070,0
37071,0
37072,0
37073,0
37074,0
37075,0
37076,2
37077,0
37078,0
37079,2
37080,0
37081,0
37082,0
37083,2
37084,2
37085,0
37086,0
37087,0
37088,0
37089,0
37090,0
37091,0
37092,2
37093,0
37094,2
37095,2
37096,0
37097,0
37098,0
37099,0
37100,1
37101,0
37102,0
37103,0
37104,0
37105,2
37106,0
37107,0
37108,0
37109,0
37110,0
37111,0
37112,2
37113,0
37114,0
37115,2
37116,0
37117,0
37118,2
37119,0
37120,2
37121,0
37122,1
37123,0
37124,0
37125,0
37126,0
37127,0
37128,0
37129,0
37130,0
37131,0
37132,0
37133,0
37134,0
37135,0
37136,0
37137,0
37138,0
37139,0
37140,0
37141,0
37142,0
37143,0
37144,0
37145,0
37146,0
37147,0
37148,0
37149,0
37150,0
37151,2
37152,2
37153,0
37154,0
37155,0
37156,0
37157,0
37158,0
37159,0
37160,2
37161,2
37162,0
37163,0
37164,0
37165,0
37166,0
37167,0
37168,0
37169,0
37170,0
37171,0
37172,0
37173,0
37174,0
37175,0
37176,0
37177,0
37178,0
37179,0
37180,0
37181,0
37182,0
37183,0
37184,0
37185,0
37186,0
37187,0
37188,0
37189,0
37190,0
37191,0
37192,0
37193,0
37194,0
37195,0
37196,0
37197,0
37198,0
37199,0
37200,0
37201,0
37202,0
37203,0
37204,0
37205,0
37206,0
37207,0
37208,0
37209,0
37210,0
37211,0
37212,0
37213,0
37214,0
37215,0
37216,0
37217,0
37218,0
37219,0
37220,2
37221,0
37222,0
37223,0
37224,0
37225,0
37226,0
37227,0
37228,0
37229,0
37230,0
37231,0
37232,2
37233,0
37234,0
37235,0
37236,0
37237,0
37238,0
37239,0
37240,0
37241,0
37242,0
37243,0
37244,0
37245,0
37246,0
37247,0
37248,0
37249,2
37250,0
37251,0
37252,0
37253,0
37254,0
37255,0
37256,0
37257,0
37258,0
37259,0
37260,0
37261,0
37262,0
37263,0
37264,0
37265,0
37266,0
37267,0
37268,0
37269,0
37270,0
37271,0
37272,0
37273,0
37274,0
37275,0
37276,0
37277,0
37278,0
37279,0
37280,0
37281,0
37282,0
37283,0
37284,0
37285,0
37286,0
37287,0
37288,2
37289,2
37290,0
37291,0
37292,0
37293,1
37294,0
37295,0
37296,2
37297,2
37298,2
37299,0
37300,0
37301,0
37302,0
37303,0
37304,0
37305,0
37306,0
37307,0
37308,0
37309,2
37310,1
37311,0
37312,0
37313,0
37314,0
37315,0
37316,0
37317,0
37318,2
37319,0
37320,0
37321,0
37322,0
37323,0
37324,0
37325,0
37326,0
37327,0
37328,0
37329,0
37330,0
37331,2
37332,0
37333,0
37334,0
37335,0
37336,0
37337,0
37338,0
37339,0
37340,0
37341,0
37342,0
37343,2
37344,0
37345,0
37346,0
37347,0
37348,0
37349,0
37350,0
37351,0
37352,0
37353,0
37354,0
37355,0
37356,0
37357,2
37358,0
37359,0
37360,0
37361,0
37362,2
37363,2
37364,0
37365,0
37366,0
37367,0
37368,0
37369,2
37370,0
37371,0
37372,0
37373,0
37374,1
37375,0
37376,0
37377,0
37378,0
37379,0
37380,0
37381,0
37382,0
37383,0
37384,0
37385,0
37386,2
37387,0
37388,0
37389,2
37390,0
37391,0
37392,2
37393,0
37394,2
37395,0
37396,1
37397,0
37398,0
37399,0
37400,0
37401,0
37402,0
37403,0
37404,0
37405,0
37406,0
37407,0
37408,0
37409,0
37410,0
37411,0
37412,0
37413,0
37414,0
37415,0
37416,0
37417,0
37418,0
37419,0
37420,0
37421,0
37422,0
37423,0
37424,0
37425,2
37426,2
37427,0
37428,0
37429,0
37430,1
37431,0
37432,0
37433,2
37434,2
37435,2
37436,0
37437,0
37438,0
37439,0
37440,0
37441,0
37442,0
37443,0
37444,0
37445,2
37446,2
37447,2
37448,0
37449,1
37450,0
37451,0
37452,0
37453,0
37454,0
37455,0
37456,0
37457,1
37458,0
37459,0
37460,0
37461,0
37462,0
37463,0
37464,0
37465,2
37466,0
37467,2
37468,2
37469,0
37470,0
37471,0
37472,0
37473,0
37474,0
37475,0
37476,0
37477,1
37478,0
37479,0
37480,0
37481,0
37482,0
37483,0
37484,0
37485,0
37486,0
37487,2
37488,0
37489,0
37490,2
37491,0
37492,0
37493,0
37494,2
37495,2
37496,0
37497,0
37498,0
37499,1
37500,2
37501,0
37502,0
37503,2
37504,1
37505,2
37506,2
37507,0
37508,0
37509,0
37510,0
37511,2
37512,0
37513,0
37514,2
37515,0
37516,0
37517,0
37518,0
37519,0
37520,0
37521,0
37522,0
37523,2
37524,0
37525,0
37526,2
37527,0
37528,0
37529,2
37530,2
37531,2
37532,0
37533,1
37534,0
37535,0
37536,0
37537,0
37538,0
37539,0
37540,0
37541,0
37542,0
37543,0
37544,0
37545,0
37546,0
37547,0
37548,0
37549,0
37550,0
37551,0
37552,0
37553,0
37554,0
37555,0
37556,0
37557,0
37558,0
37559,0
37560,0
37561,0
37562,2
37563,2
37564,1
37565,1
37566,2
37567,1
37568,0
37569,0
37570,2
37571,2
37572,2
37573,0
37574,0
37575,0
37576,0
37577,0
37578,0
37579,0
37580,0
37581,0
37582,2
37583,1
37584,1
37585,0
37586,1
37587,0
37588,0
37589,0
37590,0
37591,0
37592,2
37593,0
37594,1
37595,0
37596,1
37597,0
37598,0
37599,0
37600,0
37601,0
37602,1
37603,0
37604,1
37605,1
37606,0
37607,0
37608,0
37609,0
37610,0
37611,0
37612,0
37613,0
37614,1
37615,0
37616,0
37617,1
37618,0
37619,0
37620,0
37621,0
37622,0
37623,0
37624,2
37625,0
37626,0
37627,1
37628,0
37629,0
37630,0
37631,2
37632,2
37633,0
37634,0
37635,0
37636,2
37637,2
37638,0
37639,0
37640,1
37641,1
37642,2
37643,2
37644,0
37645,0
37646,0
37647,0
37648,1
37649,0
37650,0
37651,0
37652,0
37653,0
37654,0
37655,0
37656,0
37657,0
37658,0
37659,0
37660,2
37661,0
37662,0
37663,2
37664,0
37665,0
37666,2
37667,2
37668,2
37669,0
37670,1
37671,1
37672,1
37673,2
37674,0
37675,0
37676,0
37677,0
37678,0
37679,0
37680,0
37681,0
37682,0
37683,0
37684,0
37685,0
37686,0
37687,0
37688,0
37689,0
37690,0
37691,0
37692,0
37693,0
37694,0
37695,0
37696,0
37697,0
37698,0
37699,2
37700,2
37701,0
37702,0
37703,0
37704,0
37705,0
37706,0
37707,2
37708,2
37709,2
37710,0
37711,0
37712,0
37713,0
37714,0
37715,0
37716,0
37717,0
37718,0
37719,0
37720,2
37721,0
37722,0
37723,0
37724,0
37725,0
37726,0
37727,0
37728,0
37729,0
37730,0
37731,0
37732,0
37733,0
37734,0
37735,0
37736,0
37737,0
37738,0
37739,0
37740,0
37741,0
37742,1
37743,0
37744,0
37745,0
37746,0
37747,0
37748,0
37749,0
37750,0
37751,0
37752,0
37753,0
37754,0
37755,0
37756,0
37757,0
37758,0
37759,0
37760,0
37761,0
37762,0
37763,0
37764,0
37765,0
37766,0
37767,0
37768,0
37769,0
37770,0
37771,0
37772,0
37773,0
37774,0
37775,0
37776,0
37777,0
37778,0
37779,0
37780,2
37781,0
37782,0
37783,0
37784,0
37785,2
37786,0
37787,0
37788,0
37789,0
37790,0
37791,0
37792,0
37793,0
37794,0
37795,0
37796,0
37797,2
37798,0
37799,0
37800,2
37801,0
37802,0
37803,0
37804,2
37805,0
37806,0
37807,0
37808,0
37809,0
37810,0
37811,0
37812,0
37813,0
37814,0
37815,0
37816,0
37817,0
37818,0
37819,0
37820,0
37821,0
37822,0
37823,0
37824,0
37825,0
37826,0
37827,0
37828,0
37829,0
37830,0
37831,0
37832,0
37833,0
37834,0
37835,0
37836,2
37837,2
37838,0
37839,0
37840,0
37841,0
37842,0
37843,0
37844,0
37845,2
37846,2
37847,0
37848,0
37849,0
37850,0
37851,0
37852,0
37853,0
37854,0
37855,0
37856,0
37857,0
37858,0
37859,0
37860,0
37861,0
37862,0
37863,0
37864,0
37865,0
37866,0
37867,0
37868,0
37869,0
37870,0
37871,0
37872,0
37873,0
37874,0
37875,0
37876,0
37877,0
37878,0
37879,0
37880,0
37881,0
37882,0
37883,0
37884,0
37885,0
37886,0
37887,0
37888,0
37889,0
37890,0
37891,0
37892,0
37893,0
37894,0
37895,0
37896,0
37897,0
37898,0
37899,0
37900,0
37901,0
37902,0
37903,0
37904,0
37905,2
37906,0
37907,0
37908,0
37909,0
37910,0
37911,0
37912,0
37913,0
37914,0
37915,0
37916,0
37917,2
37918,0
37919,0
37920,0
37921,0
37922,0
37923,0
37924,0
37925,0
37926,0
37927,0
37928,0
37929,0
37930,0
37931,0
37932,0
37933,0
37934,2
37935,0
37936,0
37937,0
37938,0
37939,0
37940,0
37941,0
37942,0
37943,0
37944,0
37945,0
37946,0
37947,0
37948,0
37949,0
37950,0
37951,0
37952,0
37953,0
37954,0
37955,0
37956,0
37957,0
37958,0
37959,0
37960,0
37961,0
37962,0
37963,0
37964,0
37965,0
37966,0
37967,0
37968,0
37969,0
37970,0
37971,0
37972,0
37973,2
37974,2
37975,0
37976,0
37977,0
37978,0
37979,0
37980,0
37981,2
37982,2
37983,2
37984,0
37985,0
37986,0
37987,0
37988,0
37989,0
37990,0
37991,0
37992,0
37993,0
37994,2
37995,1
37996,0
37997,0
37998,0
37999,0
38000,0
38001,0
38002,0
38003,0
38004,0
38005,0
38006,0
38007,0
38008,0
38009,0
38010,0
38011,0
38012,0
38013,0
38014,0
38015,0
38016,1
38017,0
38018,0
38019,0
38020,0
38021,0
38022,0
38023,0
38024,0
38025,0
38026,0
38027,0
38028,0
38029,0
38030,0
38031,0
38032,0
38033,0
38034,0
38035,0
38036,0
38037,0
38038,0
38039,0
38040,0
38041,0
38042,2
38043,0
38044,0
38045,0
38046,0
38047,0
38048,0
38049,0
38050,0
38051,0
38052,1
38053,0
38054,2
38055,0
38056,0
38057,0
38058,0
38059,0
38060,0
38061,0
38062,0
38063,0
38064,0
38065,0
38066,0
38067,0
38068,0
38069,0
38070,0
38071,2
38072,0
38073,0
38074,2
38075,0
38076,0
38077,2
38078,0
38079,2
38080,0
38081,1
38082,0
38083,0
38084,0
38085,0
38086,0
38087,0
38088,0
38089,0
38090,0
38091,0
38092,0
38093,0
38094,0
38095,0
38096,0
38097,0
38098,0
38099,0
38100,0
38101,0
38102,0
38103,0
38104,0
38105,0
38106,0
38107,0
38108,0
38109,0
38110,2
38111,2
38112,0
38113,0
38114,0
38115,1
38116,0
38117,0
38118,2
38119,2
38120,2
38121,0
38122,0
38123,0
38124,0
38125,0
38126,0
38127,0
38128,0
38129,0
38130,0
38131,1
38132,1
38133,0
38134,0
38135,0
38136,0
38137,0
38138,0
38139,0
38140,0
38141,0
38142,0
38143,0
38144,0
38145,0
38146,0
38147,0
38148,0
38149,0
38150,0
38151,0
38152,0
38153,1
38154,0
38155,0
38156,0
38157,0
38158,0
38159,0
38160,0
38161,0
38162,2
38163,0
38164,0
38165,0
38166,0
38167,0
38168,0
38169,0
38170,0
38171,0
38172,2
38173,0
38174,0
38175,2
38176,0
38177,0
38178,0
38179,2
38180,2
38181,0
38182,0
38183,0
38184,0
38185,0
38186,0
38187,0
38188,1
38189,0
38190,0
38191,2
38192,0
38193,0
38194,0
38195,0
38196,1
38197,0
38198,0
38199,0
38200,0
38201,0
38202,0
38203,0
38204,0
38205,0
38206,0
38207,0
38208,2
38209,0
38210,0
38211,2
38212,0
38213,0
38214,2
38215,0
38216,2
38217,0
38218,0
38219,0
38220,0
38221,0
38222,0
38223,0
38224,0
38225,0
38226,0
38227,0
38228,0
38229,0
38230,0
38231,0
38232,0
38233,0
38234,0
38235,0
38236,0
38237,0
38238,0
38239,0
38240,0
38241,0
38242,0
38243,0
38244,0
38245,0
38246,0
38247,2
38248,2
38249,0
38250,0
38251,0
38252,0
38253,0
38254,0
38255,2
38256,2
38257,2
38258,0
38259,0
38260,0
38261,0
38262,0
38263,0
38264,0
38265,0
38266,0
38267,0
38268,0
38269,0
38270,0
38271,0
38272,0
38273,0
38274,0
38275,0
38276,0
38277,0
38278,0
38279,0
38280,0
38281,0
38282,0
38283,0
38284,0
38285,0
38286,0
38287,0
38288,0
38289,0
38290,1
38291,0
38292,0
38293,0
38294,0
38295,0
38296,0
38297,0
38298,0
38299,0
38300,0
38301,0
38302,0
38303,0
38304,0
38305,0
38306,0
38307,0
38308,0
38309,0
38310,0
38311,0
38312,0
38313,0
38314,0
38315,0
38316,2
38317,0
38318,0
38319,0
38320,0
38321,0
38322,0
38323,0
38324,0
38325,0
38326,0
38327,0
38328,2
38329,0
38330,0
38331,0
38332,0
38333,0
38334,0
38335,0
38336,0
38337,0
38338,0
38339,0
38340,0
38341,0
38342,0
38343,0
38344,0
38345,2
38346,0
38347,0
38348,2
38349,0
38350,0
38351,0
38352,0
38353,0
38354,0
38355,0
38356,0
38357,0
38358,0
38359,0
38360,0
38361,0
38362,0
38363,0
38364,0
38365,0
38366,0
38367,0
38368,0
38369,0
38370,0
38371,0
38372,0
38373,0
38374,0
38375,0
38376,0
38377,0
38378,0
38379,0
38380,0
38381,0
38382,0
38383,0
38384,2
38385,2
38386,0
38387,0
38388,0
38389,1
38390,0
38391,0
38392,2
38393,2
38394,2
38395,0
38396,0
38397,0
38398,0
38399,0
38400,0
38401,0
38402,0
38403,0
38404,0
38405,1
38406,1
38407,0
38408,0
38409,0
38410,0
38411,0
38412,0
38413,0
38414,0
38415,0
38416,0
38417,0
38418,0
38419,0
38420,0
38421,0
38422,0
38423,0
38424,0
38425,0
38426,0
38427,1
38428,0
38429,0
38430,0
38431,0
38432,0
38433,0
38434,0
38435,0
38436,1
38437,0
38438,0
38439,1
38440,0
38441,0
38442,0
38443,0
38444,0
38445,0
38446,2
38447,0
38448,0
38449,2
38450,0
38451,0
38452,0
38453,2
38454,1
38455,0
38456,0
38457,0
38458,1
38459,0
38460,0
38461,0
38462,2
38463,0
38464,0
38465,2
38466,0
38467,0
38468,0
38469,0
38470,1
38471,0
38472,0
38473,0
38474,0
38475,0
38476,0
38477,0
38478,0
38479,0
38480,0
38481,0
38482,2
38483,0
38484,0
38485,2
38486,0
38487,0
38488,2
38489,0
38490,2
38491,0
38492,1
38493,0
38494,0
38495,0
38496,0
38497,0
38498,0
38499,0
38500,0
38501,0
38502,0
38503,0
38504,0
38505,0
38506,0
38507,0
38508,0
38509,0
38510,0
38511,0
38512,0
38513,0
38514,0
38515,0
38516,0
38517,0
38518,0
38519,0
38520,0
38521,2
38522,2
38523,0
38524,0
38525,0
38526,0
38527,0
38528,0
38529,0
38530,2
38531,2
38532,0
38533,0
38534,0
38535,0
38536,0
38537,0
38538,0
38539,0
38540,0
38541,0
38542,0
38543,0
38544,0
38545,0
38546,0
38547,0
38548,0
38549,0
38550,0
38551,0
38552,0
38553,0
38554,0
38555,0
38556,0
38557,0
38558,0
38559,0
38560,0
38561,0
38562,0
38563,0
38564,0
38565,0
38566,0
38567,0
38568,0
38569,0
38570,0
38571,0
38572,0
38573,0
38574,0
38575,0
38576,0
38577,0
38578,0
38579,0
38580,0
38581,0
38582,0
38583,0
38584,0
38585,0
38586,0
38587,0
38588,0
38589,0
38590,2
38591,0
38592,0
38593,0
38594,0
38595,0
38596,0
38597,0
38598,0
38599,0
38600,0
38601,0
38602,2
38603,0
38604,0
38605,0
38606,0
38607,0
38608,0
38609,0
38610,0
38611,0
38612,0
38613,0
38614,0
38615,0
38616,0
38617,0
38618,0
38619,2
38620,0
38621,0
38622,2
38623,0
38624,0
38625,2
38626,0
38627,2
38628,0
38629,0
38630,0
38631,0
38632,0
38633,0
38634,0
38635,0
38636,0
38637,0
38638,0
38639,0
38640,0
38641,0
38642,0
38643,0
38644,0
38645,0
38646,0
38647,0
38648,0
38649,0
38650,0
38651,0
38652,0
38653,0
38654,0
38655,0
38656,0
38657,0
38658,2
38659,2
38660,0
38661,0
38662,0
38663,2
38664,0
38665,0
38666,2
38667,2
38668,2
38669,0
38670,0
38671,0
38672,0
38673,0
38674,0
38675,0
38676,0
38677,0
38678,0
38679,1
38680,1
38681,0
38682,0
38683,0
38684,0
38685,0
38686,0
38687,0
38688,0
38689,0
38690,0
38691,0
38692,0
38693,0
38694,0
38695,0
38696,0
38697,0
38698,0
38699,0
38700,1
38701,1
38702,0
38703,0
38704,0
38705,0
38706,0
38707,0
38708,0
38709,0
38710,0
38711,0
38712,0
38713,0
38714,0
38715,0
38716,0
38717,0
38718,0
38719,0
38720,2
38721,0
38722,0
38723,1
38724,0
38725,0
38726,0
38727,2
38728,2
38729,0
38730,0
38731,0
38732,0
38733,2
38734,0
38735,0
38736,1
38737,0
38738,1
38739,2
38740,0
38741,0
38742,0
38743,0
38744,2
38745,0
38746,0
38747,0
38748,0
38749,0
38750,0
38751,0
38752,0
38753,0
38754,0
38755,0
38756,2
38757,0
38758,0
38759,2
38760,0
38761,0
38762,2
38763,2
38764,2
38765,0
38766,1
38767,0
38768,0
38769,0
38770,0
38771,0
38772,0
38773,0
38774,0
38775,0
38776,0
38777,0
38778,0
38779,0
38780,0
38781,0
38782,0
38783,0
38784,0
38785,0
38786,0
38787,0
38788,0
38789,0
38790,0
38791,0
38792,0
38793,0
38794,0
38795,2
38796,2
38797,0
38798,0
38799,0
38800,1
38801,0
38802,0
38803,2
38804,2
38805,2
38806,0
38807,0
38808,0
38809,0
38810,0
38811,0
38812,0
38813,0
38814,0
38815,0
38816,2
38817,2
38818,0
38819,0
38820,0
38821,0
38822,0
38823,0
38824,0
38825,0
38826,0
38827,0
38828,0
38829,0
38830,0
38831,0
38832,0
38833,0
38834,0
38835,0
38836,0
38837,0
38838,1
38839,0
38840,0
38841,0
38842,0
38843,0
38844,0
38845,0
38846,0
38847,0
38848,0
38849,0
38850,0
38851,0
38852,0
38853,0
38854,0
38855,0
38856,0
38857,0
38858,0
38859,0
38860,0
38861,0
38862,0
38863,0
38864,2
38865,0
38866,0
38867,0
38868,0
38869,0
38870,2
38871,0
38872,0
38873,0
38874,0
38875,0
38876,2
38877,0
38878,0
38879,0
38880,0
38881,2
38882,0
38883,0
38884,0
38885,0
38886,0
38887,0
38888,0
38889,0
38890,0
38891,0
38892,0
38893,2
38894,0
38895,0
38896,2
38897,0
38898,0
38899,2
38900,2
38901,0
38902,0
38903,0
38904,0
38905,0
38906,0
38907,0
38908,0
38909,0
38910,0
38911,0
38912,0
38913,0
38914,0
38915,0
38916,0
38917,0
38918,0
38919,0
38920,0
38921,0
38922,0
38923,0
38924,0
38925,0
38926,0
38927,0
38928,0
38929,0
38930,0
38931,0
38932,2
38933,2
38934,0
38935,0
38936,0
38937,0
38938,0
38939,0
38940,0
38941,2
38942,2
38943,0
38944,0
38945,0
38946,0
38947,0
38948,0
38949,0
38950,0
38951,0
38952,0
38953,2
38954,2
38955,0
38956,0
38957,0
38958,0
38959,0
38960,0
38961,0
38962,0
38963,0
38964,0
38965,0
38966,0
38967,0
38968,0
38969,0
38970,0
38971,0
38972,0
38973,0
38974,0
38975,2
38976,0
38977,0
38978,0
38979,0
38980,0
38981,0
38982,0
38983,0
38984,0
38985,0
38986,0
38987,0
38988,0
38989,0
38990,0
38991,0
38992,0
38993,0
38994,0
38995,0
38996,0
38997,0
38998,0
38999,0
39000,0
39001,2
39002,0
39003,0
39004,0
39005,0
39006,0
39007,2
39008,0
39009,0
39010,0
39011,0
39012,0
39013,0
39014,0
39015,0
39016,0
39017,0
39018,2
39019,0
39020,0
39021,0
39022,0
39023,0
39024,0
39025,0
39026,0
39027,0
39028,0
39029,0
39030,2
39031,0
39032,0
39033,2
39034,0
39035,0
39036,2
39037,0
39038,2
39039,0
39040,0
39041,0
39042,0
39043,0
39044,0
39045,0
39046,0
39047,0
39048,0
39049,0
39050,0
39051,0
39052,0
39053,0
39054,0
39055,0
39056,0
39057,0
39058,0
39059,0
39060,0
39061,0
39062,0
39063,0
39064,0
39065,0
39066,0
39067,0
39068,0
39069,2
39070,2
39071,0
39072,0
39073,0
39074,1
39075,0
39076,0
39077,0
39078,2
39079,2
39080,0
39081,0
39082,0
39083,0
39084,0
39085,0
39086,0
39087,0
39088,0
39089,0
39090,1
39091,0
39092,0
39093,0
39094,0
39095,0
39096,0
39097,0
39098,0
39099,0
39100,0
39101,0
39102,0
39103,0
39104,0
39105,0
39106,0
39107,0
39108,0
39109,0
39110,0
39111,0
39112,1
39113,0
39114,0
39115,0
39116,0
39117,0
39118,0
39119,0
39120,0
39121,0
39122,0
39123,0
39124,0
39125,0
39126,0
39127,0
39128,0
39129,0
39130,0
39131,0
39132,0
39133,0
39134,0
39135,0
39136,0
39137,0
39138,2
39139,0
39140,0
39141,0
39142,0
39143,0
39144,0
39145,0
39146,0
39147,0
39148,0
39149,0
39150,2
39151,0
39152,0
39153,0
39154,0
39155,1
39156,0
39157,0
39158,0
39159,0
39160,0
39161,0
39162,0
39163,0
39164,0
39165,0
39166,0
39167,2
39168,0
39169,0
39170,1
39171,0
39172,0
39173,0
39174,0
39175,2
39176,0
39177,1
39178,0
39179,0
39180,0
39181,0
39182,0
39183,0
39184,0
39185,0
39186,0
39187,0
39188,0
39189,0
39190,0
39191,0
39192,0
39193,0
39194,0
39195,0
39196,0
39197,0
39198,0
39199,0
39200,0
39201,0
39202,0
39203,0
39204,0
39205,0
39206,2
39207,2
39208,0
39209,0
39210,0
39211,1
39212,0
39213,0
39214,2
39215,2
39216,2
39217,0
39218,0
39219,0
39220,0
39221,0
39222,0
39223,0
39224,0
39225,0
39226,0
39227,1
39228,1
39229,0
39230,0
39231,0
39232,0
39233,0
39234,0
39235,0
39236,0
39237,0
39238,1
39239,0
39240,0
39241,0
39242,0
39243,0
39244,0
39245,0
39246,0
39247,0
39248,0
39249,1
39250,0
39251,0
39252,0
39253,0
39254,0
39255,0
39256,0
39257,0
39258,2
39259,0
39260,0
39261,0
39262,0
39263,0
39264,0
39265,0
39266,0
39267,0
39268,0
39269,0
39270,0
39271,0
39272,0
39273,0
39274,0
39275,2
39276,1
39277,0
39278,0
39279,0
39280,0
39281,2
39282,0
39283,0
39284,0
39285,1
39286,1
39287,2
39288,0
39289,0
39290,0
39291,0
39292,1
39293,0
39294,0
39295,0
39296,0
39297,0
39298,0
39299,0
39300,0
39301,0
39302,0
39303,0
39304,2
39305,0
39306,0
39307,2
39308,0
39309,0
39310,2
39311,1
39312,2
39313,0
39314,1
39315,0
39316,0
39317,0
39318,0
39319,0
39320,0
39321,0
39322,0
39323,0
39324,0
39325,0
39326,0
39327,0
39328,0
39329,0
39330,0
39331,0
39332,0
39333,0
39334,0
39335,0
39336,0
39337,0
39338,0
39339,0
39340,0
39341,0
39342,0
39343,2
39344,2
39345,0
39346,0
39347,0
39348,0
39349,0
39350,0
39351,2
39352,2
39353,2
39354,0
39355,0
39356,0
39357,0
39358,0
39359,0
39360,0
39361,0
39362,0
39363,0
39364,0
39365,0
39366,0
39367,0
39368,0
39369,0
39370,0
39371,0
39372,0
39373,0
39374,0
39375,0
39376,0
39377,0
39378,0
39379,0
39380,0
39381,0
39382,0
39383,0
39384,0
39385,0
39386,0
39387,0
39388,0
39389,0
39390,0
39391,0
39392,0
39393,0
39394,0
39395,0
39396,0
39397,0
39398,0
39399,0
39400,0
39401,0
39402,0
39403,0
39404,0
39405,0
39406,0
39407,0
39408,0
39409,0
39410,0
39411,0
39412,0
39413,0
39414,0
39415,0
39416,0
39417,0
39418,0
39419,0
39420,0
39421,0
39422,0
39423,0
39424,2
39425,0
39426,0
39427,0
39428,0
39429,0
39430,0
39431,0
39432,0
39433,0
39434,0
39435,0
39436,0
39437,0
39438,0
39439,0
39440,0
39441,0
39442,0
39443,0
39444,2
39445,0
39446,0
39447,0
39448,0
39449,0
39450,0
39451,0
39452,0
39453,0
39454,0
39455,0
39456,0
39457,0
39458,0
39459,0
39460,0
39461,0
39462,0
39463,0
39464,0
39465,0
39466,0
39467,0
39468,0
39469,0
39470,0
39471,0
39472,0
39473,0
39474,0
39475,0
39476,0
39477,0
39478,0
39479,0
39480,2
39481,2
39482,0
39483,0
39484,0
39485,0
39486,0
39487,0
39488,0
39489,2
39490,2
39491,0
39492,0
39493,0
39494,0
39495,0
39496,0
39497,0
39498,0
39499,0
39500,0
39501,0
39502,0
39503,0
39504,0
39505,0
39506,0
39507,0
39508,0
39509,0
39510,0
39511,0
39512,0
39513,0
39514,0
39515,0
39516,0
39517,0
39518,0
39519,0
39520,0
39521,0
39522,0
39523,0
39524,0
39525,0
39526,0
39527,0
39528,0
39529,0
39530,0
39531,0
39532,0
39533,0
39534,0
39535,0
39536,0
39537,0
39538,0
39539,0
39540,0
39541,0
39542,0
39543,0
39544,0
39545,0
39546,0
39547,0
39548,0
39549,0
39550,0
39551,0
39552,0
39553,0
39554,0
39555,0
39556,0
39557,0
39558,0
39559,0
39560,0
39561,0
39562,0
39563,0
39564,0
39565,0
39566,0
39567,0
39568,0
39569,0
39570,0
39571,0
39572,0
39573,0
39574,0
39575,0
39576,0
39577,0
39578,0
39579,0
39580,0
39581,2
39582,0
39583,0
39584,0
39585,0
39586,0
39587,0
39588,0
39589,0
39590,0
39591,0
39592,0
39593,0
39594,0
39595,0
39596,0
39597,0
39598,0
39599,0
39600,0
39601,0
39602,0
39603,0
39604,0
39605,0
39606,0
39607,0
39608,0
39609,0
39610,0
39611,0
39612,0
39613,0
39614,0
39615,0
39616,0
39617,2
39618,2
39619,2
39620,2
39621,0
39622,1
39623,0
39624,0
39625,2
39626,2
39627,2
39628,0
39629,0
39630,0
39631,0
39632,0
39633,0
39634,0
39635,0
39636,0
39637,2
39638,2
39639,0
39640,0
39641,0
39642,0
39643,0
39644,0
39645,0
39646,2
39647,2
39648,0
39649,0
39650,0
39651,0
39652,0
39653,0
39654,0
39655,0
39656,0
39657,0
39658,0
39659,0
39660,2
39661,0
39662,0
39663,0
39664,0
39665,0
39666,0
39667,2
39668,0
39669,2
39670,0
39671,0
39672,2
39673,0
39674,2
39675,0
39676,0
39677,0
39678,0
39679,2
39680,0
39681,0
39682,0
39683,0
39684,0
39685,0
39686,2
39687,2
39688,0
39689,0
39690,0
39691,2
39692,2
39693,0
39694,0
39695,0
39696,0
39697,0
39698,2
39699,0
39700,0
39701,0
39702,0
39703,1
39704,0
39705,0
39706,0
39707,0
39708,0
39709,0
39710,0
39711,0
39712,0
39713,0
39714,0
39715,2
39716,0
39717,0
39718,2
39719,0
39720,0
39721,2
39722,2
39723,2
39724,0
39725,2
39726,0
39727,0
39728,0
39729,0
39730,0
39731,0
39732,0
39733,0
39734,0
39735,0
39736,0
39737,0
39738,0
39739,0
39740,0
39741,0
39742,0
39743,0
39744,0
39745,0
39746,0
39747,0
39748,0
39749,0
39750,0
39751,0
39752,0
39753,0
39754,2
39755,2
39756,0
39757,0
39758,0
39759,0
39760,0
39761,0
39762,0
39763,2
39764,2
39765,0
39766,0
39767,0
39768,0
39769,0
39770,0
39771,0
39772,0
39773,0
39774,0
39775,0
39776,0
39777,0
39778,0
39779,0
39780,0
39781,0
39782,0
39783,0
39784,0
39785,0
39786,0
39787,0
39788,0
39789,0
39790,0
39791,0
39792,0
39793,0
39794,0
39795,0
39796,0
39797,0
39798,0
39799,0
39800,0
39801,0
39802,0
39803,0
39804,0
39805,0
39806,0
39807,0
39808,0
39809,0
39810,0
39811,0
39812,0
39813,0
39814,0
39815,0
39816,0
39817,0
39818,0
39819,0
39820,0
39821,0
39822,0
39823,2
39824,0
39825,0
39826,0
39827,0
39828,2
39829,2
39830,0
39831,0
39832,0
39833,0
39834,0
39835,0
39836,0
39837,0
39838,0
39839,0
39840,0
39841,0
39842,0
39843,0
39844,0
39845,0
39846,0
39847,0
39848,0
39849,0
39850,0
39851,0
39852,2
39853,0
39854,0
39855,2
39856,0
39857,0
39858,0
39859,0
39860,0
39861,0
39862,0
39863,0
39864,0
39865,0
39866,0
39867,0
39868,0
39869,0
39870,0
39871,0
39872,0
39873,0
39874,0
39875,0
39876,0
39877,0
39878,0
39879,0
39880,0
39881,0
39882,0
39883,0
39884,0
39885,0
39886,0
39887,0
39888,0
39889,0
39890,0
39891,2
39892,2
39893,0
39894,0
39895,0
39896,0
39897,0
39898,0
39899,0
39900,2
39901,2
39902,0
39903,0
39904,0
39905,0
39906,0
39907,0
39908,0
39909,0
39910,0
39911,0
39912,0
39913,0
39914,0
39915,0
39916,0
39917,0
39918,0
39919,0
39920,0
39921,0
39922,0
39923,0
39924,0
39925,0
39926,0
39927,0
39928,0
39929,0
39930,0
39931,0
39932,0
39933,0
39934,1
39935,0
39936,0
39937,0
39938,0
39939,0
39940,0
39941,0
39942,0
39943,0
39944,0
39945,0
39946,0
39947,0
39948,0
39949,0
39950,0
39951,0
39952,0
39953,0
39954,0
39955,0
39956,0
39957,0
39958,0
39959,0
39960,2
39961,0
39962,0
39963,0
39964,0
39965,0
39966,0
39967,0
39968,0
39969,0
39970,0
39971,0
39972,2
39973,0
39974,0
39975,0
39976,0
39977,0
39978,0
39979,0
39980,0
39981,0
39982,0
39983,0
39984,0
39985,0
39986,0
39987,0
39988,0
39989,2
39990,0
39991,0
39992,2
39993,0
39994,0
39995,0
39996,0
39997,2
39998,0
39999,0
40000,0
40001,0
40002,0
40003,0
40004,0
40005,0
40006,0
40007,0
40008,0
40009,0
40010,0
40011,0
40012,0
40013,0
40014,0
40015,0
40016,0
40017,0
40018,0
40019,0
40020,0
40021,0
40022,0
40023,0
40024,0
40025,0
40026,0
40027,0
40028,2
40029,2
40030,0
40031,0
40032,0
40033,0
40034,0
40035,0
40036,2
40037,2
40038,2
40039,0
40040,0
40041,0
40042,0
40043,0
40044,0
40045,0
40046,0
40047,0
40048,0
40049,0
40050,1
40051,0
40052,0
40053,0
40054,0
40055,0
40056,0
40057,0
40058,0
40059,0
40060,0
40061,0
40062,0
40063,0
40064,0
40065,0
40066,0
40067,0
40068,0
40069,0
40070,0
40071,1
40072,0
40073,0
40074,0
40075,0
40076,0
40077,0
40078,0
40079,0
40080,0
40081,0
40082,0
40083,0
40084,0
40085,0
40086,0
40087,0
40088,0
40089,0
40090,0
40091,0
40092,0
40093,0
40094,0
40095,0
40096,0
40097,2
40098,0
40099,0
40100,0
40101,0
40102,0
40103,0
40104,0
40105,0
40106,0
40107,0
40108,0
40109,2
40110,0
40111,0
40112,0
40113,0
40114,0
40115,0
40116,0
40117,0
40118,0
40119,0
40120,0
40121,0
40122,0
40123,0
40124,0
40125,0
40126,2
40127,0
40128,0
40129,2
40130,0
40131,0
40132,0
40133,0
40134,2
40135,0
40136,0
40137,0
40138,0
40139,0
40140,0
40141,0
40142,0
40143,0
40144,0
40145,0
40146,0
40147,0
40148,0
40149,0
40150,0
40151,0
40152,0
40153,0
40154,0
40155,0
40156,0
40157,0
40158,0
40159,0
40160,0
40161,0
40162,0
40163,0
40164,0
40165,2
40166,2
40167,0
40168,0
40169,0
40170,0
40171,0
40172,0
40173,0
40174,2
40175,2
40176,0
40177,0
40178,0
40179,0
40180,0
40181,0
40182,0
40183,0
40184,0
40185,0
40186,0
40187,0
40188,0
40189,0
40190,0
40191,0
40192,0
40193,0
40194,0
40195,0
40196,0
40197,0
40198,0
40199,0
40200,0
40201,0
40202,0
40203,0
40204,0
40205,0
40206,0
40207,0
40208,0
40209,0
40210,0
40211,0
40212,0
40213,0
40214,0
40215,0
40216,0
40217,0
40218,0
40219,0
40220,0
40221,0
40222,0
40223,0
40224,0
40225,0
40226,0
40227,0
40228,0
40229,0
40230,0
40231,0
40232,0
40233,0
40234,2
40235,0
40236,0
40237,0
40238,0
40239,0
40240,0
40241,0
40242,0
40243,0
40244,0
40245,0
40246,2
40247,0
40248,0
40249,0
40250,0
40251,0
40252,0
40253,0
40254,0
40255,0
40256,0
40257,0
40258,0
40259,0
40260,0
40261,0
40262,0
40263,2
40264,0
40265,0
40266,0
40267,0
40268,0
40269,0
40270,0
40271,0
40272,0
40273,0
40274,0
40275,0
40276,0
40277,0
40278,0
40279,0
40280,0
40281,0
40282,0
40283,2
40284,0
40285,0
40286,0
40287,0
40288,0
40289,0
40290,0
40291,0
40292,0
40293,2
40294,2
40295,2
40296,2
40297,2
40298,2
40299,2
40300,2
40301,2
40302,0
40303,0
40304,0
40305,0
40306,0
40307,0
40308,0
40309,0
40310,2
40311,0
40312,0
40313,2
40314,1
40315,0
40316,0
40317,2
40318,0
40319,2
40320,0
40321,2
40322,2
40323,2
40324,2
40325,0
40326,2
40327,0
40328,2
40329,2
40330,0
40331,0
40332,0
40333,0
40334,0
40335,0
40336,2
40337,0
40338,0
40339,1
40340,2
40341,2
40342,2
40343,2
40344,2
40345,2
40346,0
40347,2
40348,1
40349,0
40350,2
40351,0
40352,0
40353,1
40354,2
40355,0
40356,2
40357,2
40358,0
40359,0
40360,2
40361,0
40362,0
40363,2
40364,2
40365,2
40366,2
40367,2
40368,2
40369,2
40370,2
40371,0
40372,2
40373,1
40374,2
40375,0
40376,0
40377,0
40378,1
40379,0
40380,2
40381,2
40382,2
40383,0
40384,0
40385,1
40386,0
40387,2
40388,0
40389,2
40390,2
40391,2
40392,2
40393,2
40394,0
40395,0
40396,0
40397,0
40398,1
40399,0
40400,0
40401,0
40402,2
40403,2
40404,0
40405,0
40406,0
40407,2
40408,2
40409,2
40410,2
40411,0
40412,0
40413,0
40414,0
40415,0
40416,0
40417,0
40418,0
40419,0
40420,2
40421,0
40422,0
40423,0
40424,0
40425,0
40426,0
40427,0
40428,0
40429,0
40430,2
40431,2
40432,2
40433,2
40434,2
40435,2
40436,2
40437,2
40438,2
40439,0
40440,0
40441,0
40442,0
40443,2
40444,0
40445,0
40446,0
40447,2
40448,0
40449,0
40450,2
40451,1
40452,0
40453,1
40454,1
40455,2
40456,2
40457,0
40458,2
40459,2
40460,0
40461,2
40462,0
40463,2
40464,2
40465,2
40466,2
40467,0
40468,0
40469,0
40470,0
40471,0
40472,1
40473,2
40474,0
40475,0
40476,1
40477,2
40478,2
40479,2
40480,2
40481,2
40482,2
40483,0
40484,2
40485,1
40486,0
40487,2
40488,0
40489,0
40490,1
40491,2
40492,0
40493,2
40494,2
40495,0
40496,0
40497,1
40498,0
40499,0
40500,2
40501,2
40502,2
40503,2
40504,2
40505,2
40506,2
40507,2
40508,0
40509,2
40510,1
40511,0
40512,0
40513,0
40514,0
40515,1
40516,0
40517,2
40518,2
40519,2
40520,0
40521,0
40522,1
40523,0
40524,2
40525,2
40526,2
40527,2
40528,0
40529,2
40530,2
40531,2
40532,0
40533,0
40534,0
40535,1
40536,0
40537,0
40538,2
40539,2
40540,2
40541,0
40542,0
40543,0
40544,2
40545,0
40546,2
40547,0
40548,0
40549,0
40550,0
40551,0
40552,0
40553,0
40554,0
40555,0
40556,0
40557,0
40558,0
40559,0
40560,0
40561,0
40562,0
40563,0
40564,0
40565,0
40566,0
40567,2
40568,2
40569,2
40570,2
40571,2
40572,2
40573,2
40574,2
40575,2
40576,0
40577,0
40578,0
40579,0
40580,2
40581,0
40582,0
40583,0
40584,2
40585,0
40586,0
40587,2
40588,0
40589,0
40590,0
40591,0
40592,2
40593,2
40594,0
40595,2
40596,2
40597,0
40598,2
40599,0
40600,2
40601,2
40602,2
40603,2
40604,0
40605,0
40606,0
40607,0
40608,0
40609,0
40610,2
40611,0
40612,0
40613,0
40614,2
40615,2
40616,2
40617,2
40618,2
40619,2
40620,0
40621,2
40622,0
40623,0
40624,2
40625,0
40626,0
40627,0
40628,2
40629,0
40630,2
40631,2
40632,0
40633,0
40634,0
40635,0
40636,0
40637,2
40638,2
40639,2
40640,2
40641,2
40642,2
40643,2
40644,2
40645,0
40646,2
40647,0
40648,2
40649,0
40650,0
40651,0
40652,1
40653,0
40654,2
40655,2
40656,2
40657,0
40658,0
40659,1
40660,0
40661,2
40662,2
40663,2
40664,2
40665,2
40666,2
40667,2
40668,2
40669,0
40670,2
40671,0
40672,0
40673,0
40674,0
40675,2
40676,2
40677,2
40678,2
40679,0
40680,0
40681,2
40682,2
40683,2
40684,2
40685,0
40686,0
40687,0
40688,0
40689,0
40690,0
40691,0
40692,0
40693,0
40694,2
40695,0
40696,0
40697,0
40698,0
40699,0
40700,0
40701,0
40702,0
40703,0
40704,2
40705,2
40706,2
40707,2
40708,2
40709,2
40710,2
40711,2
40712,2
40713,0
40714,0
40715,0
40716,0
40717,2
40718,1
40719,0
40720,0
40721,2
40722,0
40723,0
40724,2
40725,1
40726,0
40727,1
40728,1
40729,2
40730,2
40731,2
40732,2
40733,2
40734,2
40735,2
40736,0
40737,2
40738,2
40739,2
40740,2
40741,0
40742,0
40743,0
40744,0
40745,1
40746,1
40747,2
40748,1
40749,0
40750,1
40751,2
40752,2
40753,2
40754,2
40755,2
40756,2
40757,0
40758,2
40759,1
40760,1
40761,2
40762,0
40763,0
40764,1
40765,2
40766,1
40767,2
40768,2
40769,1
40770,0
40771,1
40772,0
40773,0
40774,2
40775,2
40776,2
40777,2
40778,2
40779,2
40780,2
40781,2
40782,0
40783,2
40784,1
40785,2
40786,0
40787,0
40788,0
40789,2
40790,0
40791,2
40792,2
40793,2
40794,0
40795,0
40796,2
40797,0
40798,2
40799,2
40800,2
40801,2
40802,2
40803,2
40804,2
40805,2
40806,1
40807,2
40808,2
40809,1
40810,0
40811,0
40812,2
40813,2
40814,2
40815,2
40816,0
40817,0
40818,2
40819,2
40820,2
40821,2
40822,0
40823,2
40824,2
40825,2
40826,0
40827,0
40828,0
40829,0
40830,0
40831,0
40832,0
40833,0
40834,0
40835,0
40836,0
40837,0
40838,0
40839,0
40840,0
40841,2
40842,2
40843,2
40844,2
40845,2
40846,2
40847,2
40848,2
40849,2
40850,0
40851,0
40852,0
40853,0
40854,0
40855,0
40856,0
40857,0
40858,2
40859,0
40860,0
40861,2
40862,0
40863,0
40864,0
40865,0
40866,0
40867,2
40868,2
40869,2
40870,2
40871,0
40872,2
40873,0
40874,2
40875,0
40876,2
40877,2
40878,0
40879,0
40880,0
40881,0
40882,0
40883,0
40884,2
40885,0
40886,0
40887,0
40888,2
40889,2
40890,2
40891,2
40892,2
40893,2
40894,0
40895,2
40896,0
40897,0
40898,2
40899,0
40900,0
40901,1
40902,2
40903,0
40904,2
40905,2
40906,0
40907,0
40908,0
40909,0
40910,0
40911,2
40912,2
40913,2
40914,2
40915,2
40916,2
40917,2
40918,2
40919,0
40920,2
40921,0
40922,2
40923,0
40924,0
40925,0
40926,2
40927,0
40928,2
40929,2
40930,2
40931,0
40932,0
40933,2
40934,0
40935,0
40936,0
40937,2
40938,2
40939,0
40940,0
40941,2
40942,2
40943,0
40944,0
40945,0
40946,0
40947,0
40948,0
40949,0
40950,2
40951,2
40952,0
40953,0
40954,0
40955,0
40956,2
40957,2
40958,0
40959,0
40960,0
40961,2
40962,2
40963,0
40964,0
40965,0
40966,0
40967,0
40968,2
40969,0
40970,0
40971,0
40972,0
40973,0
40974,0
40975,0
40976,0
40977,0
40978,2
40979,2
40980,2
40981,2
40982,2
40983,2
40984,2
40985,2
40986,2
40987,0
40988,0
40989,0
40990,0
40991,0
40992,0
40993,0
40994,0
40995,2
40996,0
40997,0
40998,2
40999,1
41000,0
41001,1
41002,1
41003,2
41004,2
41005,0
41006,2
41007,2
41008,2
41009,2
41010,0
41011,2
41012,2
41013,2
41014,2
41015,0
41016,0
41017,0
41018,0
41019,1
41020,1
41021,2
41022,1
41023,0
41024,2
41025,2
41026,2
41027,2
41028,2
41029,2
41030,2
41031,0
41032,2
41033,1
41034,0
41035,2
41036,0
41037,0
41038,1
41039,2
41040,0
41041,2
41042,2
41043,0
41044,0
41045,0
41046,0
41047,0
41048,2
41049,2
41050,2
41051,2
41052,2
41053,2
41054,2
41055,2
41056,0
41057,2
41058,1
41059,2
41060,0
41061,0
41062,0
41063,2
41064,0
41065,2
41066,2
41067,2
41068,0
41069,0
41070,2
41071,0
41072,2
41073,2
41074,2
41075,2
41076,2
41077,2
41078,2
41079,2
41080,1
41081,2
41082,2
41083,0
41084,0
41085,0
41086,0
41087,2
41088,2
41089,2
41090,0
41091,0
41092,2
41093,2
41094,2
41095,2
41096,0
41097,0
41098,0
41099,0
41100,0
41101,0
41102,0
41103,0
41104,0
41105,0
41106,0
41107,0
41108,0
41109,0
41110,0
41111,0
41112,0
41113,0
41114,0
41115,2
41116,2
41117,2
41118,2
41119,2
41120,2
41121,2
41122,2
41123,2
41124,0
41125,0
41126,0
41127,0
41128,0
41129,0
41130,0
41131,0
41132,2
41133,0
41134,0
41135,0
41136,2
41137,0
41138,0
41139,2
41140,0
41141,2
41142,0
41143,2
41144,2
41145,2
41146,2
41147,0
41148,2
41149,0
41150,2
41151,2
41152,0
41153,0
41154,0
41155,0
41156,2
41157,2
41158,2
41159,2
41160,0
41161,2
41162,2
41163,2
41164,2
41165,2
41166,2
41167,2
41168,2
41169,2
41170,2
41171,0
41172,2
41173,0
41174,0
41175,2
41176,2
41177,0
41178,2
41179,2
41180,0
41181,0
41182,2
41183,0
41184,0
41185,2
41186,2
41187,2
41188,2
41189,2
41190,2
41191,2
41192,2
41193,0
41194,2
41195,0
41196,2
41197,0
41198,0
41199,0
41200,2
41201,0
41202,2
41203,2
41204,2
41205,0
41206,0
41207,2
41208,0
41209,2
41210,0
41211,2
41212,2
41213,2
41214,2
41215,2
41216,2
41217,2
41218,2
41219,2
41220,0
41221,0
41222,0
41223,0
41224,2
41225,2
41226,2
41227,0
41228,0
41229,2
41230,2
41231,2
41232,2
41233,0
41234,0
41235,2
41236,2
41237,0
41238,0
41239,0
41240,0
41241,0
41242,2
41243,0
41244,0
41245,0
41246,0
41247,0
41248,0
41249,0
41250,0
41251,0
41252,2
41253,2
41254,2
41255,2
41256,2
41257,2
41258,2
41259,2
41260,2
41261,0
41262,0
41263,0
41264,0
41265,2
41266,0
41267,0
41268,0
41269,2
41270,0
41271,0
41272,0
41273,1
41274,0
41275,1
41276,1
41277,2
41278,2
41279,0
41280,2
41281,2
41282,2
41283,2
41284,0
41285,2
41286,2
41287,2
41288,2
41289,0
41290,0
41291,0
41292,0
41293,1
41294,1
41295,2
41296,2
41297,0
41298,1
41299,2
41300,2
41301,2
41302,2
41303,2
41304,2
41305,0
41306,2
41307,1
41308,1
41309,2
41310,0
41311,0
41312,1
41313,2
41314,1
41315,2
41316,2
41317,0
41318,0
41319,1
41320,0
41321,0
41322,2
41323,2
41324,2
41325,2
41326,2
41327,2
41328,2
41329,2
41330,0
41331,2
41332,1
41333,2
41334,0
41335,0
41336,0
41337,2
41338,0
41339,2
41340,2
41341,2
41342,0
41343,0
41344,2
41345,0
41346,2
41347,2
41348,2
41349,2
41350,2
41351,2
41352,2
41353,2
41354,1
41355,2
41356,2
41357,1
41358,0
41359,0
41360,2
41361,2
41362,2
41363,2
41364,0
41365,0
41366,2
41367,2
41368,2
41369,2
41370,0
41371,0
41372,0
41373,2
41374,0
41375,0
41376,0
41377,0
41378,0
41379,2
41380,0
41381,0
41382,0
41383,0
41384,0
41385,0
41386,0
41387,0
41388,0
41389,2
41390,2
41391,2
41392,2
41393,2
41394,2
41395,2
41396,2
41397,2
41398,0
41399,0
41400,0
41401,0
41402,2
41403,0
41404,0
41405,0
41406,2
41407,0
41408,0
41409,2
41410,2
41411,0
41412,1
41413,2
41414,2
41415,2
41416,2
41417,2
41418,2
41419,2
41420,2
41421,0
41422,2
41423,2
41424,2
41425,2
41426,0
41427,0
41428,0
41429,0
41430,2
41431,2
41432,2
41433,2
41434,0
41435,2
41436,2
41437,2
41438,2
41439,2
41440,2
41441,2
41442,2
41443,2
41444,2
41445,2
41446,2
41447,0
41448,0
41449,2
41450,2
41451,2
41452,2
41453,2
41454,1
41455,0
41456,2
41457,0
41458,0
41459,2
41460,2
41461,2
41462,2
41463,2
41464,2
41465,2
41466,2
41467,0
41468,2
41469,1
41470,2
41471,0
41472,0
41473,0
41474,2
41475,0
41476,2
41477,2
41478,2
41479,0
41480,0
41481,2
41482,0
41483,2
41484,1
41485,2
41486,2
41487,2
41488,2
41489,2
41490,2
41491,1
41492,2
41493,2
41494,1
41495,0
41496,2
41497,2
41498,2
41499,2
41500,2
41501,0
41502,0
41503,2
41504,2
41505,2
41506,2
41507,0
41508,2
41509,2
41510,2
41511,0
41512,0
41513,0
41514,0
41515,0
41516,0
41517,0
41518,0
41519,0
41520,0
41521,0
41522,0
41523,0
41524,0
41525,0
41526,2
41527,2
41528,2
41529,2
41530,2
41531,2
41532,2
41533,2
41534,2
41535,0
41536,0
41537,0
41538,0
41539,0
41540,0
41541,0
41542,0
41543,2
41544,0
41545,0
41546,2
41547,0
41548,0
41549,0
41550,0
41551,0
41552,2
41553,0
41554,2
41555,2
41556,0
41557,2
41558,0
41559,2
41560,0
41561,2
41562,2
41563,0
41564,0
41565,0
41566,0
41567,0
41568,0
41569,2
41570,0
41571,0
41572,0
41573,2
41574,2
41575,2
41576,2
41577,2
41578,2
41579,0
41580,2
41581,0
41582,0
41583,2
41584,0
41585,0
41586,0
41587,2
41588,0
41589,2
41590,2
41591,0
41592,0
41593,0
41594,0
41595,0
41596,2
41597,2
41598,2
41599,2
41600,2
41601,2
41602,2
41603,2
41604,0
41605,2
41606,0
41607,2
41608,0
41609,0
41610,0
41611,0
41612,0
41613,2
41614,2
41615,2
41616,0
41617,0
41618,2
41619,0
41620,2
41621,0
41622,2
41623,2
41624,0
41625,2
41626,2
41627,2
41628,0
41629,2
41630,0
41631,0
41632,0
41633,0
41634,0
41635,2
41636,2
41637,2
41638,0
41639,0
41640,2
41641,2
41642,2
41643,2
41644,0
41645,2
41646,0
41647,0
41648,0
41649,0
41650,0
41651,0
41652,0
41653,2
41654,0
41655,0
41656,0
41657,0
41658,0
41659,0
41660,0
41661,0
41662,0
41663,2
41664,2
41665,2
41666,2
41667,2
41668,2
41669,2
41670,2
41671,2
41672,0
41673,0
41674,0
41675,0
41676,2
41677,0
41678,0
41679,0
41680,2
41681,0
41682,0
41683,2
41684,0
41685,0
41686,0
41687,0
41688,2
41689,2
41690,0
41691,2
41692,2
41693,0
41694,2
41695,0
41696,2
41697,2
41698,2
41699,2
41700,0
41701,0
41702,0
41703,0
41704,0
41705,0
41706,2
41707,2
41708,0
41709,2
41710,2
41711,2
41712,2
41713,2
41714,2
41715,2
41716,0
41717,2
41718,2
41719,0
41720,2
41721,0
41722,0
41723,2
41724,2
41725,0
41726,2
41727,2
41728,0
41729,0
41730,0
41731,0
41732,0
41733,2
41734,2
41735,2
41736,2
41737,2
41738,2
41739,2
41740,2
41741,0
41742,2
41743,0
41744,2
41745,0
41746,0
41747,0
41748,2
41749,0
41750,2
41751,2
41752,2
41753,0
41754,0
41755,2
41756,0
41757,2
41758,0
41759,2
41760,2
41761,2
41762,2
41763,2
41764,2
41765,0
41766,2
41767,2
41768,0
41769,0
41770,0
41771,0
41772,2
41773,2
41774,2
41775,0
41776,0
41777,2
41778,2
41779,2
41780,2
41781,0
41782,0
41783,2
41784,2
41785,0
41786,0
41787,0
41788,0
41789,0
41790,2
41791,0
41792,0
41793,0
41794,0
41795,0
41796,0
41797,0
41798,0
41799,0
41800,2
41801,2
41802,2
41803,2
41804,2
41805,2
41806,2
41807,2
41808,2
41809,0
41810,0
41811,0
41812,0
41813,0
41814,0
41815,0
41816,0
41817,2
41818,0
41819,0
41820,0
41821,0
41822,0
41823,0
41824,0
41825,0
41826,2
41827,0
41828,2
41829,2
41830,2
41831,2
41832,0
41833,2
41834,0
41835,2
41836,2
41837,0
41838,0
41839,0
41840,0
41841,2
41842,0
41843,2
41844,2
41845,0
41846,0
41847,2
41848,2
41849,2
41850,2
41851,2
41852,2
41853,0
41854,2
41855,0
41856,0
41857,2
41858,0
41859,0
41860,2
41861,2
41862,0
41863,2
41864,2
41865,0
41866,0
41867,0
41868,0
41869,0
41870,2
41871,2
41872,2
41873,2
41874,2
41875,2
41876,2
41877,2
41878,0
41879,2
41880,0
41881,2
41882,0
41883,0
41884,0
41885,2
41886,0
41887,2
41888,2
41889,2
41890,0
41891,0
41892,2
41893,0
41894,2
41895,0
41896,2
41897,2
41898,2
41899,2
41900,2
41901,2
41902,0
41903,0
41904,2
41905,0
41906,0
41907,0
41908,0
41909,2
41910,2
41911,2
41912,0
41913,0
41914,0
41915,2
41916,2
41917,2
41918,0
41919,0
41920,2
41921,2
41922,0
41923,0
41924,0
41925,0
41926,0
41927,0
41928,0
41929,0
41930,0
41931,0
41932,0
41933,0
41934,0
41935,0
41936,0
41937,2
41938,2
41939,2
41940,2
41941,2
41942,2
41943,2
41944,2
41945,2
41946,0
41947,0
41948,0
41949,0
41950,0
41951,0
41952,0
41953,0
41954,2
41955,0
41956,0
41957,2
41958,1
41959,0
41960,0
41961,1
41962,2
41963,2
41964,0
41965,2
41966,2
41967,0
41968,2
41969,0
41970,2
41971,2
41972,2
41973,2
41974,0
41975,0
41976,0
41977,0
41978,1
41979,1
41980,1
41981,1
41982,0
41983,1
41984,2
41985,2
41986,2
41987,2
41988,2
41989,2
41990,0
41991,2
41992,1
41993,0
41994,2
41995,0
41996,0
41997,1
41998,1
41999,0
42000,2
42001,2
42002,0
42003,0
42004,0
42005,0
42006,0
42007,2
42008,2
42009,2
42010,2
42011,2
42012,2
42013,2
42014,2
42015,0
42016,2
42017,0
42018,2
42019,0
42020,0
42021,0
42022,1
42023,0
42024,2
42025,2
42026,2
42027,0
42028,0
42029,1
42030,0
42031,2
42032,1
42033,2
42034,2
42035,0
42036,2
42037,2
42038,2
42039,0
42040,0
42041,0
42042,0
42043,0
42044,0
42045,2
42046,2
42047,2
42048,0
42049,0
42050,0
42051,2
42052,2
42053,2
42054,2
42055,0
42056,0
42057,0
42058,0
42059,0
42060,0
42061,0
42062,0
42063,0
42064,2
42065,0
42066,0
42067,0
42068,0
42069,0
42070,0
42071,0
42072,0
42073,0
42074,2
42075,2
42076,2
42077,2
42078,2
42079,2
42080,2
42081,2
42082,2
42083,0
42084,0
42085,0
42086,0
42087,0
42088,0
42089,0
42090,0
42091,2
42092,0
42093,0
42094,2
42095,0
42096,0
42097,0
42098,0
42099,0
42100,2
42101,0
42102,2
42103,2
42104,0
42105,2
42106,0
42107,2
42108,0
42109,2
42110,2
42111,0
42112,0
42113,0
42114,0
42115,0
42116,0
42117,2
42118,0
42119,0
42120,0
42121,2
42122,2
42123,2
42124,2
42125,2
42126,2
42127,0
42128,2
42129,0
42130,0
42131,2
42132,0
42133,0
42134,0
42135,2
42136,0
42137,2
42138,2
42139,0
42140,0
42141,0
42142,0
42143,0
42144,2
42145,2
42146,2
42147,2
42148,2
42149,2
42150,2
42151,2
42152,0
42153,2
42154,0
42155,2
42156,0
42157,0
42158,0
42159,0
42160,0
42161,2
42162,2
42163,2
42164,0
42165,0
42166,2
42167,0
42168,2
42169,0
42170,2
42171,2
42172,2
42173,2
42174,2
42175,2
42176,0
42177,0
42178,2
42179,0
42180,0
42181,0
42182,0
42183,2
42184,2
42185,2
42186,0
42187,0
42188,2
42189,2
42190,2
42191,2
42192,0
42193,0
42194,0
42195,0
42196,0
42197,0
42198,0
42199,0
42200,0
42201,0
42202,0
42203,0
42204,0
42205,0
42206,0
42207,0
42208,0
42209,0
42210,0
42211,2
42212,2
42213,2
42214,2
42215,2
42216,2
42217,2
42218,2
42219,2
42220,0
42221,0
42222,0
42223,0
42224,2
42225,0
42226,0
42227,0
42228,2
42229,0
42230,0
42231,2
42232,1
42233,0
42234,1
42235,1
42236,2
42237,2
42238,0
42239,2
42240,2
42241,0
42242,2
42243,0
42244,2
42245,2
42246,2
42247,2
42248,0
42249,0
42250,0
42251,0
42252,1
42253,1
42254,2
42255,0
42256,0
42257,2
42258,2
42259,2
42260,2
42261,2
42262,2
42263,2
42264,2
42265,2
42266,1
42267,0
42268,2
42269,0
42270,0
42271,1
42272,2
42273,0
42274,2
42275,2
42276,0
42277,0
42278,2
42279,0
42280,0
42281,2
42282,2
42283,2
42284,2
42285,2
42286,2
42287,2
42288,2
42289,0
42290,2
42291,1
42292,2
42293,0
42294,0
42295,0
42296,1
42297,0
42298,2
42299,2
42300,2
42301,0
42302,0
42303,2
42304,0
42305,2
42306,2
42307,2
42308,2
42309,2
42310,2
42311,2
42312,2
42313,0
42314,2
42315,2
42316,0
42317,0
42318,0
42319,0
42320,2
42321,2
42322,2
42323,0
42324,0
42325,2
42326,2
42327,2
42328,2
42329,0
42330,0
42331,0
42332,0
42333,0
42334,0
42335,0
42336,0
42337,0
42338,0
42339,0
42340,0
42341,0
42342,0
42343,0
42344,0
42345,0
42346,0
42347,0
42348,2
42349,2
42350,2
42351,2
42352,2
42353,2
42354,2
42355,2
42356,2
42357,0
42358,0
42359,0
42360,0
42361,0
42362,0
42363,0
42364,0
42365,2
42366,0
42367,0
42368,2
42369,0
42370,0
42371,0
42372,0
42373,2
42374,2
42375,0
42376,2
42377,2
42378,0
42379,2
42380,0
42381,2
42382,0
42383,2
42384,2
42385,0
42386,0
42387,0
42388,0
42389,0
42390,0
42391,2
42392,0
42393,0
42394,0
42395,2
42396,2
42397,2
42398,2
42399,2
42400,2
42401,0
42402,2
42403,0
42404,0
42405,2
42406,0
42407,0
42408,0
42409,0
42410,0
42411,0
42412,0
42413,0
42414,0
42415,0
42416,0
42417,0
42418,2
42419,2
42420,2
42421,2
42422,2
42423,2
42424,2
42425,2
42426,0
42427,2
42428,0
42429,0
42430,0
42431,0
42432,0
42433,0
42434,0
42435,2
42436,2
42437,2
42438,0
42439,0
42440,0
42441,0
42442,2
42443,0
42444,2
42445,2
42446,2
42447,2
42448,2
42449,0
42450,0
42451,0
42452,0
42453,0
42454,0
42455,0
42456,0
42457,2
42458,2
42459,0
42460,0
42461,0
42462,2
42463,2
42464,2
42465,2
42466,0
42467,0
42468,0
42469,0
42470,0
42471,0
42472,0
42473,0
42474,0
42475,2
42476,0
42477,0
42478,0
42479,0
42480,0
42481,0
42482,0
42483,0
42484,0
42485,2
42486,2
42487,2
42488,2
42489,2
42490,2
42491,2
42492,2
42493,2
42494,0
42495,0
42496,0
42497,0
42498,0
42499,0
42500,0
42501,0
42502,2
42503,0
42504,0
42505,2
42506,2
42507,0
42508,0
42509,0
42510,0
42511,2
42512,0
42513,2
42514,2
42515,2
42516,2
42517,0
42518,2
42519,0
42520,2
42521,2
42522,0
42523,0
42524,0
42525,0
42526,2
42527,2
42528,2
42529,2
42530,0
42531,2
42532,2
42533,2
42534,2
42535,2
42536,2
42537,2
42538,0
42539,2
42540,2
42541,0
42542,2
42543,0
42544,0
42545,2
42546,2
42547,0
42548,2
42549,2
42550,0
42551,0
42552,0
42553,0
42554,0
42555,2
42556,2
42557,2
42558,2
42559,2
42560,2
42561,2
42562,2
42563,0
42564,2
42565,0
42566,2
42567,0
42568,0
42569,0
42570,2
42571,0
42572,2
42573,2
42574,2
42575,0
42576,0
42577,2
42578,0
42579,2
42580,0
42581,2
42582,2
42583,2
42584,2
42585,2
42586,0
42587,0
42588,0
42589,2
42590,0
42591,0
42592,0
42593,0
42594,2
42595,2
42596,2
42597,0
42598,0
42599,0
42600,2
42601,2
42602,2
42603,0
42604,0
42605,2
42606,0
42607,0
42608,0
42609,0
42610,0
42611,0
42612,0
42613,0
42614,0
42615,0
42616,0
42617,0
42618,0
42619,0
42620,0
42621,0
42622,2
42623,2
42624,2
42625,2
42626,2
42627,2
42628,2
42629,2
42630,2
42631,0
42632,0
42633,0
42634,0
42635,2
42636,0
42637,0
42638,0
42639,2
42640,0
42641,0
42642,2
42643,0
42644,0
42645,0
42646,0
42647,2
42648,2
42649,0
42650,2
42651,2
42652,0
42653,2
42654,0
42655,2
42656,2
42657,2
42658,2
42659,0
42660,0
42661,0
42662,0
42663,0
42664,0
42665,2
42666,0
42667,0
42668,0
42669,2
42670,2
42671,2
42672,2
42673,2
42674,2
42675,0
42676,2
42677,0
42678,0
42679,2
42680,0
42681,0
42682,0
42683,0
42684,0
42685,0
42686,0
42687,0
42688,0
42689,0
42690,0
42691,0
42692,2
42693,2
42694,2
42695,2
42696,2
42697,2
42698,2
42699,2
42700,0
42701,2
42702,0
42703,0
42704,0
42705,0
42706,0
42707,0
42708,0
42709,2
42710,2
42711,2
42712,0
42713,0
42714,0
42715,0
42716,2
42717,0
42718,2
42719,2
42720,2
42721,2
42722,2
42723,2
42724,0
42725,0
42726,0
42727,0
42728,0
42729,0
42730,2
42731,2
42732,2
42733,0
42734,0
42735,0
42736,2
42737,2
42738,2
42739,2
42740,0
42741,0
42742,0
42743,0
42744,0
42745,0
42746,0
42747,0
42748,0
42749,0
42750,0
42751,0
42752,0
42753,0
42754,0
42755,0
42756,0
42757,0
42758,0
42759,2
42760,2
42761,2
42762,2
42763,2
42764,2
42765,2
42766,2
42767,2
42768,0
42769,0
42770,0
42771,0
42772,0
42773,0
42774,0
42775,0
42776,2
42777,0
42778,0
42779,2
42780,1
42781,0
42782,1
42783,1
42784,0
42785,2
42786,0
42787,2
42788,2
42789,0
42790,2
42791,0
42792,2
42793,2
42794,2
42795,2
42796,0
42797,0
42798,0
42799,0
42800,1
42801,1
42802,2
42803,0
42804,0
42805,1
42806,2
42807,2
42808,2
42809,2
42810,2
42811,2
42812,0
42813,2
42814,1
42815,0
42816,2
42817,0
42818,0
42819,1
42820,2
42821,0
42822,2
42823,2
42824,0
42825,0
42826,0
42827,0
42828,0
42829,2
42830,2
42831,2
42832,2
42833,2
42834,2
42835,2
42836,2
42837,0
42838,2
42839,1
42840,2
42841,0
42842,0
42843,0
42844,1
42845,0
42846,2
42847,2
42848,2
42849,0
42850,0
42851,1
42852,0
42853,2
42854,2
42855,2
42856,2
42857,0
42858,2
42859,2
42860,2
42861,0
42862,2
42863,0
42864,0
42865,0
42866,0
42867,0
42868,2
42869,2
42870,0
42871,0
42872,0
42873,2
42874,2
42875,2
42876,2
42877,0
42878,0
42879,0
42880,0
42881,0
42882,0
42883,0
42884,0
42885,0
42886,2
42887,0
42888,0
42889,0
42890,0
42891,0
42892,0
42893,0
42894,0
42895,0
42896,2
42897,2
42898,2
42899,2
42900,2
42901,2
42902,2
42903,2
42904,2
42905,0
42906,0
42907,0
42908,0
42909,0
42910,0
42911,0
42912,0
42913,2
42914,0
42915,0
42916,2
42917,0
42918,0
42919,0
42920,0
42921,2
42922,2
42923,0
42924,2
42925,2
42926,0
42927,2
42928,0
42929,2
42930,0
42931,2
42932,2
42933,0
42934,0
42935,0
42936,0
42937,2
42938,0
42939,2
42940,2
42941,0
42942,2
42943,2
42944,2
42945,2
42946,2
42947,2
42948,2
42949,0
42950,2
42951,2
42952,0
42953,2
42954,0
42955,0
42956,2
42957,2
42958,0
42959,2
42960,2
42961,0
42962,0
42963,0
42964,0
42965,0
42966,2
42967,2
42968,2
42969,2
42970,2
42971,2
42972,2
42973,2
42974,0
42975,2
42976,1
42977,2
42978,0
42979,0
42980,0
42981,2
42982,0
42983,2
42984,2
42985,2
42986,0
42987,0
42988,2
42989,0
42990,2
42991,0
42992,2
42993,2
42994,2
42995,0
42996,2
42997,2
42998,0
42999,0
43000,2
43001,0
43002,0
43003,0
43004,0
43005,2
43006,2
43007,2
43008,0
43009,0
43010,0
43011,2
43012,2
43013,2
43014,0
43015,0
43016,2
43017,2
43018,0
43019,0
43020,0
43021,0
43022,0
43023,2
43024,0
43025,0
43026,0
43027,0
43028,0
43029,0
43030,0
43031,0
43032,0
43033,2
43034,2
43035,2
43036,2
43037,2
43038,2
43039,2
43040,2
43041,2
43042,0
43043,0
43044,0
43045,0
43046,0
43047,0
43048,0
43049,0
43050,2
43051,0
43052,0
43053,2
43054,0
43055,0
43056,0
43057,0
43058,0
43059,2
43060,0
43061,2
43062,2
43063,0
43064,2
43065,0
43066,2
43067,0
43068,2
43069,2
43070,0
43071,0
43072,0
43073,0
43074,0
43075,0
43076,2
43077,0
43078,0
43079,0
43080,2
43081,2
43082,2
43083,2
43084,2
43085,2
43086,0
43087,2
43088,0
43089,0
43090,2
43091,0
43092,0
43093,0
43094,0
43095,0
43096,0
43097,2
43098,0
43099,0
43100,0
43101,0
43102,0
43103,2
43104,2
43105,2
43106,2
43107,2
43108,2
43109,2
43110,2
43111,0
43112,2
43113,0
43114,0
43115,0
43116,0
43117,0
43118,0
43119,0
43120,2
43121,2
43122,2
43123,0
43124,0
43125,0
43126,0
43127,2
43128,0
43129,2
43130,2
43131,0
43132,2
43133,2
43134,2
43135,0
43136,0
43137,0
43138,0
43139,0
43140,0
43141,0
43142,2
43143,2
43144,2
43145,0
43146,0
43147,0
43148,2
43149,2
43150,0
43151,0
43152,0
43153,0
43154,0
43155,0
43156,0
43157,0
43158,0
43159,0
43160,2
43161,0
43162,0
43163,0
43164,0
43165,0
43166,0
43167,0
43168,0
43169,0
43170,2
43171,2
43172,2
43173,2
43174,2
43175,2
43176,2
43177,2
43178,2
43179,0
43180,0
43181,0
43182,0
43183,2
43184,0
43185,0
43186,0
43187,2
43188,0
43189,0
43190,2
43191,0
43192,0
43193,0
43194,0
43195,2
43196,2
43197,2
43198,2
43199,2
43200,2
43201,2
43202,0
43203,2
43204,2
43205,2
43206,2
43207,0
43208,0
43209,0
43210,0
43211,0
43212,0
43213,2
43214,2
43215,0
43216,2
43217,2
43218,2
43219,2
43220,2
43221,2
43222,2
43223,2
43224,2
43225,2
43226,0
43227,2
43228,0
43229,0
43230,2
43231,2
43232,0
43233,2
43234,2
43235,0
43236,0
43237,2
43238,0
43239,0
43240,2
43241,2
43242,2
43243,2
43244,2
43245,2
43246,2
43247,2
43248,0
43249,2
43250,0
43251,2
43252,0
43253,0
43254,2
43255,2
43256,0
43257,2
43258,2
43259,2
43260,0
43261,0
43262,2
43263,0
43264,2
43265,0
43266,2
43267,2
43268,2
43269,2
43270,2
43271,2
43272,0
43273,2
43274,2
43275,0
43276,0
43277,0
43278,0
43279,2
43280,2
43281,2
43282,0
43283,0
43284,2
43285,2
43286,2
43287,2
43288,0
43289,0
43290,2
43291,2
43292,0
43293,0
43294,0
43295,0
43296,0
43297,0
43298,0
43299,0
43300,0
43301,0
43302,0
43303,0
43304,0
43305,0
43306,0
43307,2
43308,2
43309,2
43310,2
43311,2
43312,2
43313,2
43314,2
43315,2
43316,0
43317,0
43318,0
43319,0
43320,0
43321,0
43322,0
43323,0
43324,2
43325,0
43326,0
43327,2
43328,0
43329,0
43330,0
43331,0
43332,2
43333,2
43334,0
43335,2
43336,2
43337,0
43338,2
43339,0
43340,2
43341,0
43342,2
43343,2
43344,0
43345,0
43346,0
43347,0
43348,0
43349,0
43350,2
43351,0
43352,0
43353,0
43354,2
43355,2
43356,2
43357,2
43358,2
43359,2
43360,0
43361,2
43362,0
43363,0
43364,2
43365,0
43366,0
43367,0
43368,0
43369,0
43370,0
43371,2
43372,0
43373,0
43374,0
43375,0
43376,0
43377,2
43378,2
43379,2
43380,2
43381,2
43382,2
43383,2
43384,2
43385,0
43386,2
43387,0
43388,2
43389,0
43390,0
43391,0
43392,0
43393,0
43394,2
43395,2
43396,2
43397,0
43398,0
43399,0
43400,0
43401,2
43402,0
43403,2
43404,2
43405,2
43406,2
43407,2
43408,0
43409,0
43410,0
43411,0
43412,0
43413,0
43414,0
43415,2
43416,2
43417,2
43418,0
43419,0
43420,0
43421,2
43422,2
43423,2
43424,0
43425,0
43426,0
43427,0
43428,0
43429,0
43430,0
43431,0
43432,0
43433,0
43434,2
43435,0
43436,0
43437,0
43438,0
43439,0
43440,0
43441,0
43442,0
43443,0
43444,2
43445,2
43446,2
43447,2
43448,2
43449,2
43450,2
43451,2
43452,2
43453,0
43454,0
43455,0
43456,0
43457,2
43458,0
43459,0
43460,0
43461,2
43462,0
43463,0
43464,0
43465,0
43466,0
43467,0
43468,0
43469,0
43470,2
43471,2
43472,2
43473,2
43474,2
43475,2
43476,0
43477,2
43478,2
43479,0
43480,2
43481,0
43482,0
43483,0
43484,0
43485,0
43486,2
43487,2
43488,2
43489,0
43490,2
43491,2
43492,2
43493,2
43494,2
43495,2
43496,2
43497,0
43498,2
43499,2
43500,1
43501,2
43502,0
43503,0
43504,2
43505,2
43506,0
43507,2
43508,2
43509,0
43510,0
43511,0
43512,0
43513,0
43514,2
43515,2
43516,2
43517,2
43518,2
43519,2
43520,2
43521,2
43522,0
43523,2
43524,1
43525,2
43526,0
43527,0
43528,0
43529,2
43530,0
43531,2
43532,2
43533,2
43534,0
43535,0
43536,2
43537,0
43538,2
43539,1
43540,2
43541,2
43542,0
43543,2
43544,2
43545,2
43546,0
43547,0
43548,0
43549,0
43550,0
43551,0
43552,0
43553,2
43554,2
43555,0
43556,0
43557,0
43558,2
43559,2
43560,2
43561,2
43562,0
43563,0
43564,0
43565,2
43566,0
43567,0
43568,0
43569,0
43570,0
43571,2
43572,0
43573,0
43574,0
43575,0
43576,0
43577,0
43578,0
43579,0
43580,0
43581,2
43582,2
43583,2
43584,2
43585,2
43586,2
43587,2
43588,2
43589,2
43590,0
43591,0
43592,0
43593,0
43594,0
43595,0
43596,0
43597,0
43598,2
43599,0
43600,0
43601,0
43602,1
43603,0
43604,0
43605,1
43606,0
43607,2
43608,0
43609,2
43610,2
43611,1
43612,2
43613,0
43614,2
43615,0
43616,2
43617,2
43618,0
43619,0
43620,0
43621,0
43622,0
43623,0
43624,2
43625,0
43626,0
43627,1
43628,2
43629,2
43630,2
43631,2
43632,2
43633,2
43634,0
43635,2
43636,1
43637,0
43638,2
43639,0
43640,0
43641,1
43642,2
43643,1
43644,2
43645,2
43646,0
43647,0
43648,2
43649,0
43650,0
43651,2
43652,2
43653,2
43654,2
43655,1
43656,2
43657,2
43658,2
43659,0
43660,2
43661,1
43662,2
43663,0
43664,0
43665,0
43666,1
43667,0
43668,2
43669,0
43670,2
43671,0
43672,0
43673,1
43674,0
43675,2
43676,0
43677,2
43678,2
43679,2
43680,0
43681,2
43682,0
43683,0
43684,0
43685,2
43686,1
43687,0
43688,0
43689,0
43690,2
43691,2
43692,2
43693,0
43694,0
43695,0
43696,2
43697,2
43698,0
43699,0
43700,0
43701,0
43702,0
43703,0
43704,0
43705,0
43706,0
43707,0
43708,0
43709,0
43710,0
43711,0
43712,0
43713,0
43714,0
43715,0
43716,0
43717,0
43718,2
43719,2
43720,2
43721,2
43722,2
43723,2
43724,2
43725,2
43726,2
43727,0
43728,0
43729,0
43730,0
43731,0
43732,0
43733,0
43734,0
43735,2
43736,0
43737,0
43738,2
43739,0
43740,0
43741,0
43742,0
43743,2
43744,2
43745,0
43746,2
43747,2
43748,0
43749,2
43750,0
43751,2
43752,2
43753,2
43754,2
43755,0
43756,0
43757,0
43758,0
43759,0
43760,0
43761,2
43762,0
43763,0
43764,0
43765,2
43766,2
43767,2
43768,2
43769,2
43770,2
43771,0
43772,2
43773,0
43774,0
43775,2
43776,0
43777,0
43778,0
43779,0
43780,0
43781,0
43782,2
43783,0
43784,0
43785,0
43786,0
43787,0
43788,2
43789,2
43790,2
43791,2
43792,2
43793,2
43794,2
43795,2
43796,0
43797,2
43798,0
43799,0
43800,0
43801,0
43802,0
43803,0
43804,0
43805,2
43806,2
43807,2
43808,0
43809,0
43810,1
43811,0
43812,2
43813,2
43814,2
43815,2
43816,2
43817,2
43818,2
43819,2
43820,0
43821,0
43822,0
43823,0
43824,0
43825,0
43826,2
43827,2
43828,2
43829,0
43830,0
43831,0
43832,2
43833,2
43834,2
43835,2
43836,0
43837,0
43838,0
43839,0
43840,0
43841,0
43842,0
43843,0
43844,0
43845,0
43846,0
43847,0
43848,0
43849,0
43850,0
43851,0
43852,0
43853,0
43854,0
43855,2
43856,2
43857,2
43858,2
43859,2
43860,2
43861,2
43862,2
43863,2
43864,0
43865,0
43866,0
43867,0
43868,0
43869,0
43870,0
43871,0
43872,2
43873,0
43874,0
43875,0
43876,0
43877,0
43878,0
43879,0
43880,0
43881,2
43882,0
43883,2
43884,2
43885,2
43886,2
43887,0
43888,2
43889,0
43890,2
43891,2
43892,0
43893,0
43894,0
43895,0
43896,0
43897,0
43898,2
43899,2
43900,0
43901,2
43902,2
43903,2
43904,2
43905,2
43906,2
43907,2
43908,0
43909,2
43910,2
43911,0
43912,2
43913,0
43914,0
43915,0
43916,2
43917,0
43918,2
43919,2
43920,0
43921,0
43922,0
43923,0
43924,0
43925,2
43926,2
43927,2
43928,2
43929,2
43930,2
43931,2
43932,2
43933,0
43934,2
43935,0
43936,2
43937,0
43938,0
43939,0
43940,2
43941,0
43942,2
43943,2
43944,2
43945,0
43946,0
43947,2
43948,0
43949,2
43950,0
43951,2
43952,2
43953,0
43954,2
43955,2
43956,2
43957,0
43958,2
43959,2
43960,0
43961,0
43962,0
43963,0
43964,2
43965,2
43966,2
43967,0
43968,0
43969,2
43970,2
43971,2
43972,2
43973,0
43974,0
43975,2
43976,2
43977,0
43978,0
43979,0
43980,0
43981,0
43982,0
43983,0
43984,0
43985,0
43986,0
43987,0
43988,0
43989,0
43990,0
43991,0
43992,2
43993,2
43994,2
43995,2
43996,2
43997,2
43998,2
43999,2
44000,2
44001,0
44002,0
44003,0
44004,0
44005,0
44006,0
44007,0
44008,0
44009,2
44010,0
44011,0
44012,2
44013,0
44014,0
44015,0
44016,0
44017,2
44018,2
44019,0
44020,2
44021,2
44022,0
44023,2
44024,0
44025,2
44026,0
44027,2
44028,2
44029,0
44030,0
44031,0
44032,0
44033,0
44034,0
44035,0
44036,0
44037,0
44038,0
44039,2
44040,2
44041,2
44042,2
44043,2
44044,2
44045,0
44046,2
44047,0
44048,0
44049,2
44050,0
44051,0
44052,0
44053,0
44054,0
44055,0
44056,0
44057,0
44058,0
44059,0
44060,0
44061,0
44062,2
44063,2
44064,2
44065,2
44066,2
44067,2
44068,2
44069,2
44070,0
44071,2
44072,0
44073,0
44074,0
44075,0
44076,0
44077,0
44078,0
44079,2
44080,2
44081,2
44082,0
44083,0
44084,0
44085,0
44086,2
44087,0
44088,2
44089,2
44090,0
44091,0
44092,2
44093,0
44094,0
44095,0
44096,0
44097,0
44098,0
44099,0
44100,0
44101,2
44102,2
44103,0
44104,0
44105,0
44106,2
44107,2
44108,2
44109,0
44110,0
44111,0
44112,0
44113,0
44114,0
44115,0
44116,0
44117,0
44118,0
44119,0
44120,0
44121,0
44122,0
44123,0
44124,0
44125,0
44126,0
44127,0
44128,0
44129,2
44130,2
44131,2
44132,2
44133,2
44134,2
44135,2
44136,2
44137,2
44138,0
44139,0
44140,0
44141,0
44142,2
44143,0
44144,0
44145,0
44146,2
44147,0
44148,0
44149,2
44150,0
44151,0
44152,0
44153,0
44154,2
44155,2
44156,0
44157,2
44158,2
44159,0
44160,2
44161,0
44162,2
44163,2
44164,2
44165,2
44166,0
44167,0
44168,0
44169,0
44170,0
44171,0
44172,0
44173,0
44174,0
44175,0
44176,2
44177,2
44178,2
44179,2
44180,2
44181,2
44182,0
44183,2
44184,0
44185,0
44186,2
44187,0
44188,0
44189,0
44190,0
44191,0
44192,0
44193,0
44194,0
44195,0
44196,0
44197,0
44198,0
44199,2
44200,2
44201,2
44202,2
44203,2
44204,2
44205,2
44206,2
44207,0
44208,2
44209,0
44210,0
44211,0
44212,0
44213,0
44214,0
44215,0
44216,2
44217,2
44218,2
44219,0
44220,0
44221,0
44222,0
44223,2
44224,0
44225,2
44226,2
44227,2
44228,2
44229,2
44230,2
44231,0
44232,0
44233,0
44234,0
44235,0
44236,0
44237,2
44238,2
44239,2
44240,0
44241,0
44242,0
44243,2
44244,2
44245,2
44246,2
44247,0
44248,0
44249,0
44250,0
44251,0
44252,0
44253,0
44254,0
44255,0
44256,0
44257,0
44258,0
44259,0
44260,0
44261,0
44262,0
44263,0
44264,0
44265,0
44266,2
44267,2
44268,2
44269,2
44270,2
44271,2
44272,2
44273,2
44274,2
44275,0
44276,0
44277,0
44278,0
44279,0
44280,0
44281,0
44282,0
44283,2
44284,0
44285,0
44286,2
44287,0
44288,0
44289,0
44290,0
44291,2
44292,2
44293,0
44294,2
44295,2
44296,0
44297,2
44298,0
44299,2
44300,0
44301,2
44302,2
44303,0
44304,0
44305,0
44306,0
44307,0
44308,0
44309,2
44310,0
44311,0
44312,2
44313,2
44314,2
44315,2
44316,2
44317,2
44318,2
44319,0
44320,2
44321,2
44322,0
44323,2
44324,0
44325,0
44326,2
44327,2
44328,0
44329,2
44330,2
44331,0
44332,0
44333,0
44334,0
44335,0
44336,2
44337,2
44338,2
44339,2
44340,2
44341,2
44342,2
44343,2
44344,0
44345,2
44346,0
44347,2
44348,0
44349,0
44350,0
44351,2
44352,0
44353,2
44354,2
44355,2
44356,0
44357,0
44358,2
44359,0
44360,2
44361,0
44362,2
44363,2
44364,2
44365,2
44366,2
44367,2
44368,0
44369,2
44370,2
44371,0
44372,0
44373,0
44374,0
44375,2
44376,2
44377,2
44378,0
44379,0
44380,2
44381,2
44382,2
44383,2
44384,0
44385,0
44386,0
44387,0
44388,0
44389,0
44390,0
44391,0
44392,0
44393,0
44394,0
44395,0
44396,0
44397,0
44398,0
44399,0
44400,0
44401,0
44402,0
44403,2
44404,2
44405,2
44406,2
44407,2
44408,2
44409,2
44410,2
44411,2
44412,0
44413,0
44414,0
44415,0
44416,2
44417,0
44418,0
44419,0
44420,2
44421,0
44422,0
44423,2
44424,0
44425,0
44426,0
44427,0
44428,2
44429,2
44430,0
44431,2
44432,2
44433,0
44434,2
44435,0
44436,2
44437,2
44438,2
44439,2
44440,0
44441,0
44442,0
44443,0
44444,0
44445,0
44446,2
44447,0
44448,0
44449,0
44450,2
44451,2
44452,2
44453,2
44454,2
44455,2
44456,0
44457,2
44458,0
44459,0
44460,2
44461,0
44462,0
44463,0
44464,0
44465,0
44466,0
44467,0
44468,0
44469,0
44470,0
44471,0
44472,0
44473,2
44474,2
44475,2
44476,2
44477,2
44478,2
44479,2
44480,2
44481,0
44482,2
44483,0
44484,0
44485,0
44486,0
44487,0
44488,0
44489,0
44490,2
44491,2
44492,2
44493,0
44494,0
44495,2
44496,0
44497,2
44498,2
44499,2
44500,2
44501,2
44502,2
44503,2
44504,2
44505,0
44506,0
44507,0
44508,0
44509,0
44510,0
44511,2
44512,2
44513,2
44514,0
44515,0
44516,0
44517,2
44518,2
44519,2
44520,2
44521,0
44522,0
44523,0
44524,0
44525,0
44526,0
44527,0
44528,0
44529,0
44530,2
44531,0
44532,0
44533,0
44534,0
44535,0
44536,0
44537,0
44538,0
44539,0
44540,2
44541,2
44542,2
44543,0
44544,2
44545,2
44546,2
44547,2
44548,2
44549,0
44550,0
44551,0
44552,0
44553,0
44554,0
44555,0
44556,0
44557,2
44558,0
44559,0
44560,2
44561,2
44562,0
44563,0
44564,0
44565,0
44566,2
44567,0
44568,2
44569,2
44570,2
44571,2
44572,0
44573,2
44574,0
44575,2
44576,2
44577,0
44578,0
44579,0
44580,0
44581,2
44582,2
44583,2
44584,2
44585,0
44586,2
44587,2
44588,2
44589,2
44590,2
44591,2
44592,2
44593,2
44594,2
44595,2
44596,2
44597,2
44598,0
44599,0
44600,2
44601,2
44602,0
44603,2
44604,2
44605,0
44606,0
44607,2
44608,0
44609,0
44610,2
44611,2
44612,2
44613,2
44614,2
44615,2
44616,2
44617,2
44618,0
44619,2
44620,0
44621,2
44622,0
44623,0
44624,0
44625,2
44626,0
44627,2
44628,2
44629,2
44630,0
44631,0
44632,2
44633,0
44634,2
44635,0
44636,2
44637,2
44638,2
44639,2
44640,2
44641,2
44642,0
44643,2
44644,2
44645,0
44646,0
44647,0
44648,0
44649,2
44650,2
44651,2
44652,0
44653,0
44654,2
44655,2
44656,2
44657,2
44658,0
44659,0
44660,2
44661,2
44662,0
44663,0
44664,0
44665,0
44666,0
44667,2
44668,0
44669,0
44670,0
44671,0
44672,0
44673,0
44674,0
44675,0
44676,0
44677,2
44678,2
44679,2
44680,2
44681,2
44682,2
44683,2
44684,2
44685,2
44686,0
44687,0
44688,0
44689,0
44690,0
44691,0
44692,0
44693,0
44694,2
44695,0
44696,0
44697,2
44698,0
44699,0
44700,0
44701,0
44702,2
44703,2
44704,0
44705,2
44706,2
44707,0
44708,2
44709,0
44710,2
44711,0
44712,2
44713,2
44714,0
44715,0
44716,0
44717,0
44718,0
44719,0
44720,2
44721,0
44722,0
44723,0
44724,2
44725,2
44726,2
44727,2
44728,2
44729,2
44730,0
44731,2
44732,0
44733,0
44734,2
44735,0
44736,0
44737,0
44738,2
44739,0
44740,0
44741,2
44742,0
44743,0
44744,0
44745,0
44746,0
44747,2
44748,2
44749,2
44750,2
44751,2
44752,2
44753,2
44754,2
44755,0
44756,2
44757,0
44758,2
44759,0
44760,0
44761,0
44762,2
44763,0
44764,2
44765,2
44766,2
44767,0
44768,0
44769,2
44770,0
44771,2
44772,1
44773,2
44774,2
44775,2
44776,2
44777,2
44778,2
44779,0
44780,2
44781,2
44782,0
44783,0
44784,0
44785,2
44786,2
44787,2
44788,2
44789,0
44790,0
44791,2
44792,2
44793,2
44794,2
44795,0
44796,0
44797,0
44798,0
44799,0
44800,0
44801,0
44802,0
44803,0
44804,0
44805,0
44806,0
44807,0
44808,0
44809,0
44810,0
44811,0
44812,0
44813,0
44814,2
44815,2
44816,2
44817,2
44818,2
44819,2
44820,2
44821,2
44822,2
44823,0
44824,0
44825,0
44826,0
44827,0
44828,0
44829,0
44830,0
44831,2
44832,0
44833,0
44834,2
44835,0
44836,0
44837,0
44838,0
44839,2
44840,2
44841,0
44842,2
44843,2
44844,2
44845,2
44846,0
44847,2
44848,2
44849,0
44850,2
44851,0
44852,0
44853,0
44854,0
44855,0
44856,0
44857,2
44858,0
44859,0
44860,0
44861,2
44862,2
44863,2
44864,2
44865,2
44866,2
44867,0
44868,2
44869,0
44870,0
44871,2
44872,0
44873,0
44874,0
44875,2
44876,0
44877,2
44878,2
44879,0
44880,0
44881,0
44882,0
44883,0
44884,2
44885,2
44886,2
44887,2
44888,2
44889,2
44890,2
44891,2
44892,0
44893,2
44894,0
44895,2
44896,0
44897,0
44898,0
44899,0
44900,0
44901,2
44902,2
44903,2
44904,0
44905,0
44906,2
44907,0
44908,2
44909,0
44910,2
44911,2
44912,2
44913,2
44914,2
44915,2
44916,0
44917,0
44918,2
44919,0
44920,0
44921,0
44922,0
44923,2
44924,2
44925,0
44926,0
44927,0
44928,2
44929,2
44930,2
44931,2
44932,0
44933,0
44934,0
44935,0
44936,0
44937,0
44938,0
44939,0
44940,0
44941,2
44942,0
44943,0
44944,0
44945,0
44946,0
44947,0
44948,0
44949,0
44950,0
44951,2
44952,2
44953,2
44954,2
44955,2
44956,2
44957,2
44958,2
44959,2
44960,0
44961,0
44962,0
44963,0
44964,2
44965,0
44966,0
44967,0
44968,2
44969,0
44970,0
44971,2
44972,0
44973,0
44974,0
44975,0
44976,0
44977,2
44978,0
44979,2
44980,2
44981,0
44982,2
44983,0
44984,2
44985,2
44986,2
44987,2
44988,0
44989,0
44990,0
44991,0
44992,0
44993,0
44994,2
44995,2
44996,0
44997,1
44998,2
44999,2
45000,2
45001,2
45002,2
45003,2
45004,0
45005,2
45006,2
45007,0
45008,2
45009,0
45010,0
45011,2
45012,2
45013,0
45014,2
45015,2
45016,0
45017,0
45018,0
45019,0
45020,0
45021,2
45022,2
45023,2
45024,2
45025,2
45026,2
45027,2
45028,2
45029,0
45030,2
45031,1
45032,2
45033,0
45034,0
45035,0
45036,2
45037,0
45038,2
45039,2
45040,2
45041,0
45042,0
45043,2
45044,0
45045,2
45046,0
45047,2
45048,2
45049,2
45050,2
45051,2
45052,2
45053,0
45054,2
45055,2
45056,0
45057,0
45058,0
45059,2
45060,2
45061,2
45062,2
45063,0
45064,0
45065,0
45066,2
45067,2
45068,2
45069,0
45070,0
45071,0
45072,2
45073,0
45074,0
45075,0
45076,0
45077,0
45078,0
45079,0
45080,0
45081,0
45082,0
45083,0
45084,0
45085,0
45086,0
45087,0
45088,2
45089,2
45090,2
45091,2
45092,2
45093,2
45094,2
45095,2
45096,2
45097,0
45098,0
45099,0
45100,0
45101,0
45102,0
45103,0
45104,0
45105,2
45106,0
45107,0
45108,2
45109,0
45110,0
45111,0
45112,0
45113,2
45114,2
45115,0
45116,2
45117,2
45118,0
45119,2
45120,0
45121,2
45122,0
45123,0
45124,2
45125,0
45126,0
45127,0
45128,0
45129,0
45130,0
45131,0
45132,0
45133,0
45134,0
45135,2
45136,2
45137,2
45138,2
45139,2
45140,2
45141,0
45142,2
45143,0
45144,0
45145,0
45146,0
45147,0
45148,0
45149,0
45150,0
45151,0
45152,0
45153,0
45154,0
45155,0
45156,0
45157,0
45158,2
45159,2
45160,2
45161,2
45162,2
45163,2
45164,2
45165,2
45166,0
45167,2
45168,0
45169,0
45170,0
45171,0
45172,0
45173,0
45174,0
45175,2
45176,2
45177,2
45178,0
45179,0
45180,0
45181,0
45182,2
45183,0
45184,2
45185,2
45186,0
45187,2
45188,2
45189,2
45190,0
45191,0
45192,0
45193,0
45194,0
45195,0
45196,0
45197,2
45198,2
45199,0
45200,0
45201,0
45202,2
45203,2
45204,2
45205,2
45206,0
45207,0
45208,0
45209,0
45210,0
45211,0
45212,0
45213,0
45214,0
45215,2
45216,0
45217,0
45218,0
45219,0
45220,0
45221,0
45222,0
45223,0
45224,0
45225,2
45226,2
45227,2
45228,2
45229,2
45230,2
45231,2
45232,2
45233,2
45234,0
45235,0
45236,0
45237,0
45238,2
45239,0
45240,0
45241,0
45242,2
45243,0
45244,0
45245,0
45246,1
45247,0
45248,1
45249,1
45250,2
45251,2
45252,0
45253,2
45254,2
45255,0
45256,2
45257,0
45258,2
45259,2
45260,2
45261,2
45262,0
45263,0
45264,0
45265,0
45266,0
45267,1
45268,1
45269,0
45270,0
45271,0
45272,2
45273,2
45274,2
45275,2
45276,2
45277,2
45278,0
45279,2
45280,1
45281,0
45282,2
45283,0
45284,0
45285,1
45286,2
45287,0
45288,0
45289,0
45290,0
45291,0
45292,0
45293,0
45294,0
45295,2
45296,2
45297,2
45298,2
45299,2
45300,2
45301,2
45302,2
45303,0
45304,2
45305,1
45306,0
45307,0
45308,0
45309,0
45310,1
45311,0
45312,2
45313,2
45314,2
45315,0
45316,0
45317,1
45318,0
45319,2
45320,2
45321,2
45322,2
45323,0
45324,2
45325,2
45326,2
45327,0
45328,0
45329,0
45330,1
45331,0
45332,0
45333,2
45334,2
45335,2
45336,0
45337,0
45338,0
45339,2
45340,0
45341,2
45342,0
45343,0
45344,0
45345,0
45346,0
45347,0
45348,0
45349,0
45350,0
45351,0
45352,0
45353,0
45354,0
45355,0
45356,0
45357,0
45358,0
45359,0
45360,0
45361,0
45362,2
45363,2
45364,2
45365,0
45366,2
45367,2
45368,2
45369,2
45370,2
45371,0
45372,0
45373,0
45374,0
45375,0
45376,0
45377,0
45378,0
45379,2
45380,0
45381,0
45382,2
45383,0
45384,0
45385,0
45386,0
45387,2
45388,2
45389,0
45390,2
45391,2
45392,0
45393,2
45394,0
45395,2
45396,0
45397,0
45398,0
45399,0
45400,0
45401,0
45402,0
45403,0
45404,0
45405,0
45406,0
45407,0
45408,0
45409,0
45410,2
45411,2
45412,2
45413,2
45414,2
45415,0
45416,0
45417,0
45418,0
45419,0
45420,0
45421,0
45422,0
45423,0
45424,0
45425,0
45426,0
45427,0
45428,0
45429,0
45430,0
45431,0
45432,0
45433,2
45434,2
45435,2
45436,2
45437,2
45438,2
45439,2
45440,0
45441,2
45442,0
45443,0
45444,0
45445,0
45446,0
45447,0
45448,0
45449,2
45450,2
45451,2
45452,0
45453,0
45454,0
45455,0
45456,2
45457,0
45458,2
45459,0
45460,0
45461,0
45462,2
45463,2
45464,0
45465,0
45466,0
45467,0
45468,0
45469,0
45470,0
45471,2
45472,2
45473,0
45474,0
45475,0
45476,2
45477,2
45478,2
45479,0
45480,0
45481,0
45482,0
45483,0
45484,0
45485,0
45486,0
45487,0
45488,0
45489,2
45490,0
45491,0
45492,0
45493,0
45494,0
45495,0
45496,0
45497,0
45498,0
45499,2
45500,2
45501,2
45502,2
45503,2
45504,2
45505,2
45506,2
45507,2
45508,0
45509,0
45510,0
45511,0
45512,2
45513,0
45514,0
45515,0
45516,2
45517,0
45518,0
45519,0
45520,1
45521,0
45522,1
45523,1
45524,2
45525,2
45526,0
45527,2
45528,2
45529,0
45530,2
45531,0
45532,2
45533,2
45534,2
45535,2
45536,0
45537,0
45538,0
45539,0
45540,1
45541,1
45542,1
45543,1
45544,0
45545,1
45546,2
45547,2
45548,2
45549,2
45550,2
45551,2
45552,0
45553,2
45554,1
45555,0
45556,2
45557,0
45558,0
45559,1
45560,2
45561,0
45562,2
45563,2
45564,0
45565,0
45566,0
45567,0
45568,0
45569,2
45570,2
45571,2
45572,2
45573,2
45574,2
45575,2
45576,2
45577,0
45578,2
45579,1
45580,0
45581,0
45582,0
45583,0
45584,1
45585,0
45586,2
45587,2
45588,2
45589,0
45590,0
45591,1
45592,0
45593,2
45594,2
45595,2
45596,2
45597,0
45598,2
45599,2
45600,2
45601,0
45602,0
45603,0
45604,1
45605,0
45606,0
45607,2
45608,2
45609,2
45610,0
45611,0
45612,0
45613,2
45614,2
45615,2
45616,2
45617,0
45618,0
45619,0
45620,0
45621,0
45622,0
45623,0
45624,0
45625,0
45626,2
45627,0
45628,0
45629,0
45630,0
45631,0
45632,0
45633,0
45634,0
45635,0
45636,2
45637,2
45638,2
45639,2
45640,2
45641,2
45642,2
45643,2
45644,2
45645,0
45646,0
45647,0
45648,0
45649,0
45650,0
45651,0
45652,0
45653,2
45654,0
45655,0
45656,0
45657,1
45658,0
45659,1
45660,1
45661,2
45662,2
45663,0
45664,2
45665,2
45666,1
45667,2
45668,0
45669,2
45670,0
45671,2
45672,2
45673,0
45674,0
45675,0
45676,0
45677,1
45678,1
45679,2
45680,1
45681,0
45682,1
45683,2
45684,2
45685,2
45686,2
45687,2
45688,2
45689,0
45690,2
45691,1
45692,0
45693,2
45694,0
45695,0
45696,1
45697,2
45698,0
45699,0
45700,2
45701,0
45702,0
45703,1
45704,0
45705,0
45706,2
45707,2
45708,2
45709,2
45710,2
45711,2
45712,2
45713,2
45714,0
45715,2
45716,1
45717,0
45718,0
45719,0
45720,0
45721,1
45722,0
45723,2
45724,2
45725,2
45726,0
45727,0
45728,1
45729,0
45730,2
45731,1
45732,2
45733,2
45734,2
45735,2
45736,2
45737,2
45738,0
45739,2
45740,1
45741,1
45742,0
45743,0
45744,2
45745,2
45746,2
45747,2
45748,0
45749,0
45750,2
45751,2
45752,2
45753,2
45754,0
45755,0
45756,0
45757,0
45758,0
45759,0
45760,0
45761,0
45762,0
45763,2
45764,0
45765,0
45766,0
45767,0
45768,0
45769,0
45770,0
45771,0
45772,0
45773,2
45774,2
45775,2
45776,2
45777,2
45778,2
45779,2
45780,2
45781,2
45782,0
45783,0
45784,0
45785,0
45786,0
45787,0
45788,0
45789,0
45790,2
45791,0
45792,0
45793,2
45794,0
45795,0
45796,0
45797,0
45798,0
45799,2
45800,2
45801,2
45802,2
45803,2
45804,2
45805,0
45806,2
45807,2
45808,2
45809,2
45810,0
45811,0
45812,0
45813,0
45814,2
45815,1
45816,2
45817,0
45818,0
45819,1
45820,2
45821,2
45822,2
45823,2
45824,2
45825,2
45826,0
45827,2
45828,1
45829,0
45830,2
45831,0
45832,0
45833,2
45834,2
45835,0
45836,2
45837,2
45838,0
45839,0
45840,2
45841,0
45842,0
45843,2
45844,2
45845,2
45846,2
45847,2
45848,2
45849,2
45850,2
45851,0
45852,2
45853,1
45854,2
45855,0
45856,0
45857,0
45858,2
45859,0
45860,2
45861,2
45862,2
45863,0
45864,0
45865,2
45866,0
45867,2
45868,0
45869,2
45870,2
45871,2
45872,2
45873,2
45874,2
45875,0
45876,2
45877,2
45878,0
45879,0
45880,0
45881,0
45882,2
45883,2
45884,2
45885,0
45886,0
45887,2
45888,2
45889,2
45890,2
45891,0
45892,0
45893,0
45894,0
45895,0
45896,0
45897,0
45898,0
45899,0
45900,2
45901,0
45902,0
45903,0
45904,0
45905,0
45906,0
45907,0
45908,0
45909,0
45910,2
45911,2
45912,2
45913,2
45914,2
45915,2
45916,2
45917,2
45918,2
45919,0
45920,0
45921,0
45922,0
45923,2
45924,0
45925,0
45926,0
45927,2
45928,0
45929,0
45930,2
45931,0
45932,0
45933,0
45934,0
45935,2
45936,2
45937,2
45938,2
45939,2
45940,2
45941,2
45942,0
45943,2
45944,2
45945,2
45946,2
45947,0
45948,0
45949,0
45950,0
45951,2
45952,0
45953,2
45954,2
45955,0
45956,2
45957,2
45958,2
45959,2
45960,2
45961,2
45962,2
45963,0
45964,2
45965,2
45966,0
45967,2
45968,0
45969,0
45970,2
45971,2
45972,0
45973,2
45974,2
45975,0
45976,0
45977,0
45978,0
45979,0
45980,2
45981,2
45982,2
45983,2
45984,2
45985,2
45986,2
45987,2
45988,0
45989,2
45990,0
45991,2
45992,0
45993,0
45994,0
45995,2
45996,0
45997,2
45998,2
45999,2
46000,0
46001,0
46002,2
46003,0
46004,2
46005,0
46006,2
46007,2
46008,2
46009,2
46010,2
46011,2
46012,0
46013,2
46014,2
46015,0
46016,0
46017,0
46018,0
46019,2
46020,2
46021,2
46022,0
46023,0
46024,2
46025,2
46026,2
46027,2
46028,0
46029,2
46030,2
46031,2
46032,0
46033,0
46034,0
46035,0
46036,0
46037,0
46038,0
46039,0
46040,0
46041,0
46042,0
46043,0
46044,0
46045,0
46046,0
46047,2
46048,2
46049,2
46050,2
46051,2
46052,2
46053,2
46054,2
46055,2
46056,0
46057,0
46058,0
46059,0
46060,0
46061,0
46062,0
46063,0
46064,2
46065,0
46066,0
46067,2
46068,0
46069,0
46070,0
46071,0
46072,0
46073,2
46074,0
46075,2
46076,2
46077,0
46078,2
46079,0
46080,2
46081,0
46082,2
46083,2
46084,0
46085,0
46086,0
46087,0
46088,0
46089,0
46090,2
46091,0
46092,0
46093,0
46094,2
46095,2
46096,2
46097,2
46098,2
46099,2
46100,0
46101,2
46102,0
46103,0
46104,2
46105,0
46106,0
46107,0
46108,0
46109,0
46110,0
46111,0
46112,0
46113,0
46114,0
46115,0
46116,0
46117,2
46118,2
46119,2
46120,2
46121,2
46122,2
46123,2
46124,2
46125,0
46126,2
46127,0
46128,0
46129,0
46130,0
46131,0
46132,0
46133,0
46134,2
46135,2
46136,2
46137,0
46138,0
46139,0
46140,0
46141,2
46142,0
46143,2
46144,2
46145,0
46146,2
46147,2
46148,2
46149,0
46150,0
46151,0
46152,0
46153,0
46154,0
46155,0
46156,2
46157,2
46158,2
46159,0
46160,0
46161,0
46162,2
46163,2
46164,0
46165,0
46166,0
46167,0
46168,0
46169,0
46170,0
46171,0
46172,0
46173,0
46174,2
46175,0
46176,0
46177,0
46178,0
46179,0
46180,0
46181,0
46182,0
46183,0
46184,2
46185,2
46186,2
46187,2
46188,2
46189,2
46190,2
46191,2
46192,2
46193,0
46194,0
46195,0
46196,0
46197,2
46198,0
46199,0
46200,0
46201,2
46202,0
46203,0
46204,2
46205,0
46206,0
46207,0
46208,0
46209,2
46210,2
46211,0
46212,2
46213,2
46214,2
46215,2
46216,0
46217,2
46218,2
46219,2
46220,2
46221,0
46222,0
46223,0
46224,0
46225,0
46226,0
46227,2
46228,0
46229,0
46230,0
46231,2
46232,2
46233,2
46234,2
46235,2
46236,2
46237,0
46238,2
46239,0
46240,0
46241,2
46242,0
46243,0
46244,0
46245,2
46246,0
46247,2
46248,2
46249,0
46250,0
46251,0
46252,0
46253,0
46254,2
46255,2
46256,2
46257,2
46258,2
46259,2
46260,2
46261,2
46262,0
46263,2
46264,0
46265,2
46266,0
46267,0
46268,0
46269,1
46270,0
46271,2
46272,2
46273,2
46274,0
46275,0
46276,1
46277,0
46278,2
46279,2
46280,2
46281,2
46282,0
46283,2
46284,2
46285,2
46286,0
46287,2
46288,0
46289,0
46290,0
46291,0
46292,2
46293,2
46294,2
46295,2
46296,0
46297,0
46298,2
46299,2
46300,2
46301,2
46302,0
46303,0
46304,0
46305,0
46306,0
46307,0
46308,0
46309,0
46310,0
46311,2
46312,0
46313,0
46314,0
46315,0
46316,0
46317,0
46318,0
46319,0
46320,0
46321,2
46322,2
46323,2
46324,2
46325,2
46326,2
46327,2
46328,2
46329,2
46330,0
46331,0
46332,0
46333,0
46334,0
46335,0
46336,0
46337,0
46338,2
46339,0
46340,0
46341,2
46342,0
46343,0
46344,0
46345,0
46346,2
46347,2
46348,0
46349,2
46350,2
46351,0
46352,2
46353,0
46354,2
46355,0
46356,2
46357,2
46358,0
46359,0
46360,0
46361,0
46362,2
46363,0
46364,2
46365,0
46366,0
46367,0
46368,2
46369,2
46370,2
46371,2
46372,2
46373,2
46374,0
46375,2
46376,2
46377,0
46378,2
46379,0
46380,0
46381,0
46382,2
46383,0
46384,2
46385,2
46386,0
46387,0
46388,0
46389,0
46390,0
46391,2
46392,2
46393,2
46394,2
46395,2
46396,2
46397,2
46398,2
46399,0
46400,2
46401,0
46402,2
46403,0
46404,0
46405,0
46406,2
46407,0
46408,2
46409,2
46410,2
46411,0
46412,0
46413,2
46414,0
46415,2
46416,0
46417,2
46418,2
46419,2
46420,2
46421,2
46422,2
46423,0
46424,2
46425,2
46426,0
46427,0
46428,0
46429,0
46430,2
46431,2
46432,2
46433,0
46434,0
46435,2
46436,2
46437,2
46438,2
46439,0
46440,0
46441,0
46442,0
46443,0
46444,0
46445,0
46446,0
46447,0
46448,0
46449,0
46450,0
46451,0
46452,0
46453,0
46454,0
46455,0
46456,0
46457,0
46458,2
46459,2
46460,2
46461,2
46462,2
46463,2
46464,2
46465,2
46466,2
46467,0
46468,0
46469,0
46470,0
46471,0
46472,0
46473,0
46474,0
46475,2
46476,0
46477,0
46478,0
46479,0
46480,0
46481,0
46482,0
46483,0
46484,2
46485,0
46486,2
46487,2
46488,0
46489,2
46490,0
46491,2
46492,0
46493,2
46494,2
46495,0
46496,0
46497,0
46498,0
46499,2
46500,0
46501,2
46502,2
46503,0
46504,0
46505,2
46506,2
46507,2
46508,2
46509,2
46510,2
46511,0
46512,2
46513,2
46514,0
46515,2
46516,0
46517,0
46518,2
46519,2
46520,0
46521,2
46522,2
46523,0
46524,0
46525,2
46526,0
46527,0
46528,2
46529,2
46530,2
46531,2
46532,2
46533,2
46534,2
46535,2
46536,0
46537,2
46538,0
46539,2
46540,0
46541,0
46542,0
46543,2
46544,0
46545,2
46546,2
46547,2
46548,0
46549,0
46550,2
46551,0
46552,2
46553,0
46554,2
46555,2
46556,2
46557,2
46558,2
46559,2
46560,0
46561,0
46562,2
46563,0
46564,0
46565,0
46566,0
46567,2
46568,2
46569,2
46570,0
46571,0
46572,2
46573,2
46574,2
46575,2
46576,0
46577,0
46578,0
46579,2
46580,0
46581,0
46582,0
46583,0
46584,0
46585,0
46586,0
46587,0
46588,0
46589,0
46590,0
46591,0
46592,0
46593,0
46594,0
46595,2
46596,2
46597,2
46598,2
46599,2
46600,2
46601,2
46602,2
46603,2
46604,0
46605,0
46606,0
46607,0
46608,0
46609,0
46610,0
46611,0
46612,2
46613,0
46614,0
46615,0
46616,0
46617,0
46618,0
46619,0
46620,0
46621,2
46622,0
46623,2
46624,2
46625,0
46626,2
46627,0
46628,2
46629,2
46630,2
46631,2
46632,0
46633,0
46634,0
46635,0
46636,0
46637,0
46638,2
46639,0
46640,0
46641,0
46642,2
46643,2
46644,2
46645,2
46646,2
46647,2
46648,0
46649,2
46650,0
46651,0
46652,2
46653,0
46654,0
46655,1
46656,2
46657,0
46658,0
46659,2
46660,0
46661,0
46662,0
46663,0
46664,0
46665,2
46666,2
46667,2
46668,2
46669,2
46670,2
46671,2
46672,2
46673,0
46674,2
46675,0
46676,0
46677,0
46678,0
46679,0
46680,0
46681,0
46682,2
46683,2
46684,2
46685,0
46686,0
46687,1
46688,0
46689,2
46690,2
46691,2
46692,2
46693,0
46694,2
46695,2
46696,0
46697,0
46698,0
46699,0
46700,0
46701,0
46702,0
46703,0
46704,2
46705,2
46706,0
46707,0
46708,0
46709,2
46710,2
46711,2
46712,2
46713,0
46714,0
46715,0
46716,0
46717,0
46718,0
46719,0
46720,0
46721,0
46722,0
46723,0
46724,0
46725,0
46726,0
46727,0
46728,0
46729,0
46730,0
46731,0
46732,2
46733,2
46734,2
46735,2
46736,2
46737,2
46738,2
46739,2
46740,2
46741,0
46742,0
46743,0
46744,0
46745,2
46746,0
46747,0
46748,0
46749,2
46750,0
46751,0
46752,2
46753,0
46754,0
46755,0
46756,0
46757,2
46758,2
46759,0
46760,2
46761,2
46762,0
46763,2
46764,0
46765,2
46766,2
46767,2
46768,2
46769,0
46770,0
46771,0
46772,0
46773,0
46774,0
46775,0
46776,0
46777,0
46778,0
46779,2
46780,2
46781,2
46782,2
46783,2
46784,2
46785,0
46786,2
46787,0
46788,0
46789,2
46790,0
46791,0
46792,0
46793,0
46794,0
46795,0
46796,0
46797,0
46798,0
46799,0
46800,0
46801,0
46802,2
46803,2
46804,2
46805,2
46806,2
46807,2
46808,2
46809,2
46810,0
46811,2
46812,0
46813,0
46814,0
46815,0
46816,0
46817,0
46818,0
46819,2
46820,2
46821,2
46822,0
46823,0
46824,0
46825,0
46826,2
46827,0
46828,2
46829,2
46830,2
46831,2
46832,2
46833,2
46834,0
46835,0
46836,0
46837,0
46838,0
46839,0
46840,2
46841,2
46842,2
46843,0
46844,0
46845,0
46846,2
46847,2
46848,2
46849,2
46850,0
46851,0
46852,0
46853,0
46854,0
46855,0
46856,0
46857,0
46858,0
46859,2
46860,0
46861,0
46862,0
46863,0
46864,0
46865,0
46866,0
46867,0
46868,0
46869,2
46870,2
46871,2
46872,2
46873,2
46874,2
46875,2
46876,2
46877,2
46878,0
46879,0
46880,0
46881,0
46882,0
46883,0
46884,0
46885,0
46886,2
46887,0
46888,0
46889,2
46890,0
46891,0
46892,0
46893,0
46894,2
46895,2
46896,0
46897,2
46898,2
46899,0
46900,2
46901,0
46902,2
46903,0
46904,2
46905,2
46906,0
46907,0
46908,0
46909,0
46910,0
46911,0
46912,2
46913,0
46914,0
46915,0
46916,2
46917,2
46918,2
46919,2
46920,2
46921,2
46922,0
46923,2
46924,0
46925,0
46926,2
46927,0
46928,0
46929,0
46930,2
46931,0
46932,0
46933,2
46934,0
46935,0
46936,0
46937,0
46938,0
46939,2
46940,2
46941,2
46942,2
46943,2
46944,2
46945,2
46946,2
46947,0
46948,2
46949,0
46950,0
46951,0
46952,0
46953,0
46954,0
46955,0
46956,2
46957,2
46958,2
46959,0
46960,0
46961,0
46962,0
46963,2
46964,0
46965,2
46966,2
46967,2
46968,2
46969,2
46970,2
46971,0
46972,0
46973,0
46974,0
46975,0
46976,0
46977,2
46978,2
46979,2
46980,0
46981,0
46982,0
46983,2
46984,2
46985,2
46986,2
46987,0
46988,0
46989,0
46990,0
46991,0
46992,0
46993,0
46994,0
46995,0
46996,0
46997,0
46998,0
46999,0
47000,0
47001,0
47002,0
47003,0
47004,0
47005,0
47006,2
47007,2
47008,2
47009,2
47010,2
47011,2
47012,2
47013,2
47014,2
47015,0
47016,0
47017,0
47018,0
47019,2
47020,0
47021,0
47022,0
47023,2
47024,0
47025,0
47026,2
47027,0
47028,0
47029,0
47030,0
47031,2
47032,2
47033,2
47034,2
47035,2
47036,0
47037,2
47038,0
47039,2
47040,0
47041,2
47042,2
47043,0
47044,0
47045,0
47046,0
47047,0
47048,0
47049,0
47050,0
47051,0
47052,0
47053,2
47054,2
47055,2
47056,2
47057,2
47058,2
47059,0
47060,2
47061,0
47062,0
47063,2
47064,0
47065,0
47066,0
47067,0
47068,0
47069,0
47070,2
47071,0
47072,0
47073,0
47074,0
47075,0
47076,2
47077,2
47078,2
47079,2
47080,2
47081,2
47082,2
47083,2
47084,0
47085,2
47086,0
47087,0
47088,0
47089,0
47090,0
47091,0
47092,0
47093,2
47094,2
47095,2
47096,0
47097,0
47098,2
47099,0
47100,2
47101,0
47102,2
47103,2
47104,2
47105,2
47106,2
47107,2
47108,0
47109,2
47110,2
47111,0
47112,0
47113,0
47114,2
47115,2
47116,2
47117,0
47118,0
47119,0
47120,2
47121,2
47122,2
47123,2
47124,0
47125,0
47126,0
47127,0
47128,0
47129,0
47130,0
47131,0
47132,0
47133,0
47134,0
47135,0
47136,0
47137,0
47138,0
47139,0
47140,0
47141,0
47142,0
47143,2
47144,2
47145,2
47146,2
47147,2
47148,2
47149,2
47150,2
47151,2
47152,0
47153,0
47154,0
47155,0
47156,0
47157,0
47158,0
47159,0
47160,2
47161,0
47162,0
47163,2
47164,0
47165,0
47166,0
47167,0
47168,2
47169,2
47170,0
47171,2
47172,2
47173,2
47174,2
47175,0
47176,2
47177,0
47178,0
47179,2
47180,0
47181,0
47182,0
47183,0
47184,0
47185,0
47186,2
47187,0
47188,0
47189,0
47190,2
47191,2
47192,2
47193,2
47194,2
47195,2
47196,0
47197,2
47198,0
47199,0
47200,2
47201,0
47202,0
47203,1
47204,2
47205,0
47206,2
47207,2
47208,0
47209,0
47210,2
47211,0
47212,0
47213,2
47214,2
47215,2
47216,2
47217,2
47218,2
47219,2
47220,2
47221,0
47222,2
47223,0
47224,2
47225,0
47226,0
47227,0
47228,0
47229,0
47230,2
47231,2
47232,2
47233,0
47234,0
47235,1
47236,0
47237,2
47238,0
47239,2
47240,2
47241,0
47242,2
47243,2
47244,0
47245,0
47246,0
47247,2
47248,0
47249,0
47250,0
47251,0
47252,2
47253,2
47254,2
47255,0
47256,0
47257,2
47258,2
47259,2
47260,2
47261,0
47262,0
47263,0
47264,0
47265,0
47266,0
47267,0
47268,0
47269,0
47270,2
47271,0
47272,0
47273,0
47274,0
47275,0
47276,0
47277,0
47278,0
47279,0
47280,2
47281,2
47282,2
47283,2
47284,2
47285,2
47286,2
47287,2
47288,2
47289,0
47290,0
47291,0
47292,0
47293,0
47294,0
47295,0
47296,0
47297,2
47298,0
47299,0
47300,2
47301,0
47302,0
47303,0
47304,0
47305,2
47306,2
47307,0
47308,2
47309,2
47310,0
47311,2
47312,0
47313,2
47314,0
47315,2
47316,2
47317,0
47318,0
47319,0
47320,0
47321,0
47322,0
47323,2
47324,0
47325,0
47326,0
47327,2
47328,2
47329,2
47330,2
47331,2
47332,2
47333,0
47334,2
47335,0
47336,0
47337,2
47338,0
47339,0
47340,0
47341,2
47342,0
47343,0
47344,2
47345,0
47346,0
47347,0
47348,0
47349,0
47350,2
47351,2
47352,2
47353,2
47354,2
47355,2
47356,2
47357,2
47358,0
47359,2
47360,0
47361,0
47362,0
47363,0
47364,0
47365,0
47366,0
47367,2
47368,2
47369,2
47370,0
47371,0
47372,0
47373,0
47374,2
47375,0
47376,2
47377,2
47378,2
47379,2
47380,2
47381,2
47382,0
47383,0
47384,0
47385,0
47386,0
47387,0
47388,2
47389,2
47390,2
47391,0
47392,0
47393,0
47394,2
47395,2
47396,2
47397,2
47398,0
47399,0
47400,0
47401,0
47402,0
47403,0
47404,0
47405,0
47406,0
47407,0
47408,0
47409,0
47410,0
47411,0
47412,0
47413,0
47414,0
47415,0
47416,0
47417,2
47418,2
47419,2
47420,2
47421,2
47422,2
47423,2
47424,2
47425,2
47426,0
47427,0
47428,0
47429,0
47430,0
47431,0
47432,0
47433,0
47434,2
47435,0
47436,0
47437,2
47438,0
47439,0
47440,0
47441,0
47442,0
47443,2
47444,2
47445,2
47446,2
47447,0
47448,2
47449,0
47450,2
47451,0
47452,2
47453,2
47454,0
47455,0
47456,0
47457,0
47458,0
47459,0
47460,2
47461,0
47462,0
47463,0
47464,2
47465,2
47466,2
47467,2
47468,2
47469,2
47470,0
47471,2
47472,0
47473,0
47474,2
47475,0
47476,0
47477,0
47478,2
47479,0
47480,2
47481,2
47482,0
47483,0
47484,0
47485,0
47486,0
47487,2
47488,2
47489,2
47490,2
47491,2
47492,2
47493,2
47494,2
47495,0
47496,2
47497,0
47498,2
47499,0
47500,0
47501,0
47502,0
47503,0
47504,2
47505,0
47506,2
47507,0
47508,0
47509,2
47510,0
47511,2
47512,0
47513,2
47514,2
47515,0
47516,2
47517,2
47518,0
47519,0
47520,0
47521,0
47522,0
47523,0
47524,0
47525,0
47526,2
47527,2
47528,0
47529,0
47530,0
47531,0
47532,2
47533,2
47534,0
47535,0
47536,0
47537,0
47538,2
47539,0
47540,0
47541,0
47542,0
47543,0
47544,2
47545,0
47546,0
47547,0
47548,0
47549,0
47550,0
47551,0
47552,0
47553,0
47554,2
47555,2
47556,2
47557,2
47558,2
47559,2
47560,2
47561,2
47562,2
47563,0
47564,0
47565,0
47566,0
47567,2
47568,0
47569,0
47570,0
47571,2
47572,0
47573,0
47574,0
47575,1
47576,0
47577,0
47578,0
47579,0
47580,2
47581,0
47582,2
47583,2
47584,1
47585,2
47586,0
47587,2
47588,2
47589,2
47590,2
47591,0
47592,0
47593,0
47594,0
47595,1
47596,0
47597,1
47598,0
47599,0
47600,1
47601,2
47602,2
47603,2
47604,2
47605,2
47606,2
47607,0
47608,2
47609,1
47610,0
47611,2
47612,0
47613,0
47614,1
47615,2
47616,1
47617,2
47618,2
47619,0
47620,0
47621,0
47622,0
47623,0
47624,2
47625,2
47626,2
47627,2
47628,2
47629,2
47630,2
47631,2
47632,0
47633,2
47634,0
47635,2
47636,0
47637,0
47638,0
47639,1
47640,0
47641,2
47642,2
47643,2
47644,0
47645,0
47646,2
47647,0
47648,2
47649,2
47650,2
47651,2
47652,0
47653,2
47654,2
47655,0
47656,0
47657,2
47658,0
47659,0
47660,0
47661,0
47662,0
47663,2
47664,2
47665,0
47666,0
47667,0
47668,2
47669,2
47670,2
47671,0
47672,0
47673,2
47674,0
47675,2
47676,0
47677,0
47678,0
47679,0
47680,0
47681,0
47682,0
47683,0
47684,0
47685,0
47686,0
47687,0
47688,0
47689,0
47690,0
47691,2
47692,2
47693,2
47694,2
47695,2
47696,2
47697,2
47698,2
47699,2
47700,0
47701,0
47702,0
47703,0
47704,0
47705,0
47706,0
47707,0
47708,2
47709,0
47710,0
47711,2
47712,0
47713,0
47714,0
47715,0
47716,0
47717,2
47718,0
47719,2
47720,2
47721,0
47722,2
47723,0
47724,2
47725,2
47726,2
47727,2
47728,0
47729,0
47730,0
47731,0
47732,0
47733,0
47734,2
47735,0
47736,0
47737,0
47738,2
47739,2
47740,2
47741,2
47742,2
47743,2
47744,0
47745,2
47746,0
47747,0
47748,2
47749,0
47750,0
47751,0
47752,2
47753,0
47754,2
47755,2
47756,0
47757,0
47758,0
47759,0
47760,0
47761,2
47762,2
47763,2
47764,2
47765,2
47766,2
47767,2
47768,2
47769,0
47770,2
47771,0
47772,2
47773,0
47774,0
47775,0
47776,0
47777,0
47778,2
47779,2
47780,2
47781,0
47782,0
47783,2
47784,0
47785,2
47786,0
47787,2
47788,2
47789,2
47790,2
47791,2
47792,2
47793,0
47794,0
47795,0
47796,0
47797,0
47798,0
47799,0
47800,2
47801,2
47802,0
47803,0
47804,0
47805,2
47806,2
47807,2
47808,0
47809,0
47810,0
47811,0
47812,2
47813,0
47814,0
47815,0
47816,0
47817,0
47818,0
47819,0
47820,0
47821,0
47822,0
47823,0
47824,0
47825,0
47826,0
47827,0
47828,2
47829,2
47830,2
47831,2
47832,2
47833,2
47834,2
47835,2
47836,2
47837,0
47838,0
47839,0
47840,0
47841,0
47842,0
47843,0
47844,0
47845,2
47846,0
47847,0
47848,2
47849,0
47850,0
47851,0
47852,0
47853,2
47854,2
47855,0
47856,2
47857,2
47858,0
47859,2
47860,0
47861,2
47862,0
47863,0
47864,2
47865,0
47866,0
47867,0
47868,0
47869,0
47870,0
47871,0
47872,0
47873,0
47874,0
47875,2
47876,2
47877,2
47878,2
47879,2
47880,2
47881,0
47882,0
47883,0
47884,0
47885,0
47886,0
47887,0
47888,0
47889,0
47890,0
47891,0
47892,2
47893,0
47894,0
47895,0
47896,0
47897,0
47898,2
47899,2
47900,2
47901,2
47902,2
47903,2
47904,2
47905,2
47906,0
47907,2
47908,0
47909,0
47910,0
47911,0
47912,0
47913,0
47914,0
47915,2
47916,2
47917,2
47918,0
47919,0
47920,0
47921,0
47922,2
47923,0
47924,2
47925,2
47926,2
47927,0
47928,2
47929,2
47930,0
47931,0
47932,0
47933,0
47934,0
47935,0
47936,2
47937,2
47938,2
47939,0
47940,0
47941,0
47942,2
47943,2
47944,2
47945,2
47946,0
47947,0
47948,0
47949,0
47950,0
47951,0
47952,0
47953,0
47954,0
47955,2
47956,0
47957,0
47958,0
47959,0
47960,0
47961,0
47962,0
47963,0
47964,0
47965,2
47966,2
47967,2
47968,2
47969,2
47970,2
47971,2
47972,2
47973,2
47974,0
47975,0
47976,0
47977,0
47978,2
47979,0
47980,0
47981,0
47982,2
47983,0
47984,0
47985,0
47986,0
47987,0
47988,0
47989,0
47990,0
47991,2
47992,0
47993,2
47994,2
47995,0
47996,2
47997,0
47998,2
47999,0
48000,2
48001,2
48002,0
48003,0
48004,0
48005,0
48006,0
48007,0
48008,2
48009,2
48010,0
48011,2
48012,2
48013,2
48014,2
48015,2
48016,2
48017,2
48018,0
48019,2
48020,0
48021,0
48022,2
48023,0
48024,0
48025,2
48026,2
48027,0
48028,2
48029,2
48030,0
48031,0
48032,0
48033,0
48034,0
48035,2
48036,2
48037,2
48038,2
48039,2
48040,2
48041,2
48042,2
48043,0
48044,2
48045,0
48046,2
48047,0
48048,0
48049,0
48050,2
48051,0
48052,2
48053,2
48054,2
48055,0
48056,0
48057,2
48058,0
48059,2
48060,0
48061,2
48062,2
48063,2
48064,2
48065,2
48066,2
48067,0
48068,2
48069,2
48070,0
48071,0
48072,0
48073,0
48074,2
48075,2
48076,2
48077,0
48078,0
48079,0
48080,2
48081,2
48082,0
48083,0
48084,0
48085,0
48086,2
48087,0
48088,0
48089,0
48090,0
48091,0
48092,0
48093,0
48094,0
48095,0
48096,0
48097,0
48098,0
48099,0
48100,0
48101,0
48102,2
48103,2
48104,2
48105,2
48106,2
48107,2
48108,2
48109,2
48110,2
48111,0
48112,0
48113,0
48114,0
48115,0
48116,0
48117,0
48118,0
48119,2
48120,0
48121,0
48122,0
48123,0
48124,0
48125,0
48126,0
48127,0
48128,2
48129,0
48130,2
48131,2
48132,0
48133,2
48134,0
48135,2
48136,0
48137,2
48138,2
48139,0
48140,0
48141,0
48142,0
48143,0
48144,0
48145,2
48146,0
48147,0
48148,2
48149,2
48150,2
48151,2
48152,2
48153,2
48154,2
48155,0
48156,2
48157,0
48158,0
48159,2
48160,0
48161,0
48162,0
48163,2
48164,0
48165,2
48166,2
48167,0
48168,0
48169,0
48170,0
48171,0
48172,2
48173,2
48174,2
48175,2
48176,2
48177,2
48178,2
48179,2
48180,0
48181,2
48182,0
48183,2
48184,0
48185,0
48186,0
48187,2
48188,0
48189,2
48190,2
48191,2
48192,0
48193,0
48194,2
48195,0
48196,2
48197,0
48198,2
48199,2
48200,2
48201,2
48202,2
48203,2
48204,0
48205,0
48206,2
48207,0
48208,0
48209,0
48210,0
48211,2
48212,2
48213,0
48214,0
48215,0
48216,2
48217,2
48218,2
48219,2
48220,0
48221,0
48222,0
48223,0
48224,0
48225,0
48226,0
48227,0
48228,0
48229,2
48230,0
48231,0
48232,0
48233,0
48234,0
48235,0
48236,0
48237,0
48238,0
48239,2
48240,2
48241,2
48242,2
48243,2
48244,2
48245,2
48246,2
48247,2
48248,0
48249,0
48250,0
48251,0
48252,2
48253,0
48254,0
48255,0
48256,2
48257,0
48258,0
48259,2
48260,0
48261,0
48262,1
48263,1
48264,2
48265,2
48266,0
48267,2
48268,2
48269,0
48270,2
48271,0
48272,2
48273,2
48274,2
48275,2
48276,0
48277,0
48278,0
48279,0
48280,0
48281,0
48282,1
48283,0
48284,0
48285,0
48286,2
48287,2
48288,2
48289,2
48290,2
48291,2
48292,0
48293,2
48294,1
48295,0
48296,2
48297,0
48298,0
48299,1
48300,2
48301,0
48302,0
48303,0
48304,0
48305,0
48306,0
48307,0
48308,0
48309,2
48310,2
48311,2
48312,2
48313,2
48314,2
48315,2
48316,2
48317,0
48318,2
48319,1
48320,0
48321,0
48322,0
48323,0
48324,0
48325,0
48326,2
48327,2
48328,2
48329,0
48330,0
48331,1
48332,0
48333,2
48334,2
48335,2
48336,2
48337,0
48338,2
48339,2
48340,2
48341,0
48342,0
48343,0
48344,1
48345,0
48346,0
48347,2
48348,2
48349,2
48350,0
48351,0
48352,0
48353,2
48354,0
48355,2
48356,0
48357,0
48358,0
48359,0
48360,0
48361,0
48362,0
48363,0
48364,0
48365,0
48366,0
48367,0
48368,0
48369,0
48370,0
48371,0
48372,0
48373,0
48374,0
48375,0
48376,2
48377,2
48378,2
48379,2
48380,2
48381,2
48382,2
48383,2
48384,2
48385,0
48386,0
48387,0
48388,0
48389,0
48390,0
48391,0
48392,0
48393,2
48394,0
48395,0
48396,2
48397,0
48398,0
48399,0
48400,0
48401,2
48402,2
48403,0
48404,2
48405,2
48406,0
48407,2
48408,0
48409,2
48410,0
48411,2
48412,2
48413,0
48414,0
48415,0
48416,0
48417,0
48418,0
48419,0
48420,0
48421,0
48422,0
48423,2
48424,2
48425,2
48426,2
48427,2
48428,2
48429,0
48430,2
48431,0
48432,0
48433,2
48434,0
48435,0
48436,0
48437,0
48438,0
48439,0
48440,0
48441,0
48442,0
48443,0
48444,0
48445,0
48446,2
48447,2
48448,2
48449,2
48450,2
48451,2
48452,2
48453,2
48454,0
48455,2
48456,0
48457,0
48458,0
48459,0
48460,0
48461,0
48462,0
48463,2
48464,2
48465,2
48466,0
48467,0
48468,0
48469,0
48470,2
48471,0
48472,2
48473,2
48474,2
48475,2
48476,2
48477,2
48478,0
48479,0
48480,0
48481,0
48482,0
48483,0
48484,2
48485,2
48486,2
48487,0
48488,0
48489,0
48490,2
48491,2
48492,2
48493,2
48494,0
48495,0
48496,0
48497,0
48498,0
48499,0
48500,0
48501,0
48502,0
48503,0
48504,0
48505,0
48506,0
48507,0
48508,0
48509,0
48510,0
48511,0
48512,0
48513,2
48514,2
48515,2
48516,2
48517,2
48518,2
48519,2
48520,2
48521,2
48522,0
48523,0
48524,0
48525,0
48526,0
48527,0
48528,0
48529,0
48530,2
48531,0
48532,0
48533,2
48534,0
48535,0
48536,0
48537,0
48538,0
48539,2
48540,0
48541,2
48542,2
48543,0
48544,2
48545,0
48546,2
48547,2
48548,2
48549,2
48550,0
48551,0
48552,0
48553,0
48554,0
48555,0
48556,2
48557,2
48558,0
48559,0
48560,2
48561,2
48562,2
48563,2
48564,2
48565,2
48566,0
48567,2
48568,0
48569,0
48570,2
48571,0
48572,0
48573,0
48574,2
48575,0
48576,2
48577,2
48578,0
48579,0
48580,0
48581,0
48582,0
48583,2
48584,2
48585,2
48586,2
48587,2
48588,2
48589,2
48590,2
48591,0
48592,2
48593,0
48594,0
48595,0
48596,0
48597,0
48598,2
48599,0
48600,2
48601,2
48602,2
48603,0
48604,0
48605,2
48606,0
48607,2
48608,2
48609,2
48610,2
48611,0
48612,2
48613,2
48614,2
48615,0
48616,2
48617,0
48618,0
48619,0
48620,0
48621,0
48622,2
48623,2
48624,2
48625,0
48626,0
48627,2
48628,2
48629,2
48630,2
48631,0
48632,0
48633,0
48634,0
48635,0
48636,0
48637,0
48638,0
48639,0
48640,2
48641,0
48642,0
48643,0
48644,0
48645,0
48646,0
48647,0
48648,0
48649,0
48650,2
48651,2
48652,2
48653,2
48654,2
48655,2
48656,2
48657,2
48658,2
48659,0
48660,0
48661,0
48662,0
48663,2
48664,0
48665,0
48666,0
48667,2
48668,0
48669,0
48670,2
48671,2
48672,0
48673,0
48674,0
48675,0
48676,2
48677,0
48678,2
48679,2
48680,2
48681,2
48682,0
48683,2
48684,2
48685,2
48686,2
48687,0
48688,0
48689,0
48690,0
48691,0
48692,0
48693,2
48694,2
48695,0
48696,0
48697,2
48698,2
48699,2
48700,2
48701,2
48702,2
48703,0
48704,2
48705,0
48706,0
48707,2
48708,0
48709,0
48710,2
48711,2
48712,0
48713,2
48714,2
48715,0
48716,0
48717,0
48718,0
48719,0
48720,2
48721,2
48722,2
48723,2
48724,2
48725,2
48726,2
48727,2
48728,0
48729,2
48730,0
48731,2
48732,0
48733,0
48734,0
48735,0
48736,0
48737,2
48738,2
48739,2
48740,0
48741,0
48742,2
48743,0
48744,2
48745,0
48746,2
48747,2
48748,0
48749,2
48750,2
48751,2
48752,0
48753,2
48754,0
48755,0
48756,0
48757,0
48758,0
48759,2
48760,2
48761,0
48762,0
48763,0
48764,2
48765,2
48766,2
48767,0
48768,0
48769,0
48770,0
48771,2
48772,0
48773,0
48774,0
48775,0
48776,0
48777,0
48778,0
48779,0
48780,0
48781,0
48782,0
48783,0
48784,0
48785,0
48786,0
48787,2
48788,2
48789,2
48790,2
48791,2
48792,2
48793,2
48794,2
48795,2
48796,0
48797,0
48798,0
48799,0
48800,0
48801,0
48802,0
48803,0
48804,2
48805,0
48806,0
48807,0
48808,0
48809,0
48810,0
48811,0
48812,0
48813,2
48814,0
48815,2
48816,2
48817,0
48818,2
48819,0
48820,2
48821,0
48822,2
48823,2
48824,0
48825,0
48826,0
48827,0
48828,0
48829,0
48830,2
48831,0
48832,0
48833,0
48834,2
48835,2
48836,2
48837,2
48838,2
48839,2
48840,0
48841,2
48842,0
48843,0
48844,2
48845,0
48846,0
48847,1
48848,2
48849,0
48850,0
48851,2
48852,0
48853,0
48854,0
48855,0
48856,0
48857,2
48858,2
48859,2
48860,2
48861,2
48862,2
48863,2
48864,2
48865,0
48866,2
48867,0
48868,0
48869,0
48870,0
48871,0
48872,0
48873,0
48874,2
48875,2
48876,2
48877,0
48878,0
48879,2
48880,0
48881,2
48882,1
48883,2
48884,2
48885,0
48886,2
48887,2
48888,2
48889,0
48890,0
48891,0
48892,0
48893,0
48894,0
48895,0
48896,2
48897,2
48898,0
48899,0
48900,0
48901,2
48902,2
48903,2
48904,2
48905,0
48906,0
48907,0
48908,0
48909,0
48910,0
48911,0
48912,0
48913,0
48914,2
48915,0
48916,0
48917,0
48918,0
48919,0
48920,0
48921,0
48922,0
48923,0
48924,2
48925,2
48926,2
48927,2
48928,2
48929,2
48930,2
48931,2
48932,2
48933,0
48934,0
48935,0
48936,0
48937,2
48938,0
48939,0
48940,0
48941,2
48942,0
48943,0
48944,2
48945,2
48946,0
48947,0
48948,0
48949,0
48950,2
48951,0
48952,2
48953,2
48954,2
48955,2
48956,0
48957,2
48958,2
48959,2
48960,2
48961,0
48962,0
48963,0
48964,0
48965,0
48966,0
48967,2
48968,2
48969,0
48970,0
48971,2
48972,2
48973,2
48974,2
48975,2
48976,2
48977,0
48978,2
48979,0
48980,0
48981,2
48982,0
48983,0
48984,2
48985,2
48986,0
48987,2
48988,2
48989,0
48990,0
48991,0
48992,0
48993,0
48994,2
48995,2
48996,2
48997,2
48998,2
48999,2
49000,2
49001,2
49002,0
49003,2
49004,0
49005,2
49006,0
49007,0
49008,0
49009,0
49010,0
49011,2
49012,2
49013,2
49014,0
49015,0
49016,2
49017,0
49018,2
49019,0
49020,2
49021,2
49022,0
49023,2
49024,2
49025,2
49026,0
49027,2
49028,0
49029,0
49030,0
49031,0
49032,0
49033,2
49034,2
49035,0
49036,0
49037,0
49038,2
49039,2
49040,2
49041,0
49042,0
49043,0
49044,0
49045,2
49046,0
49047,0
49048,0
49049,0
49050,0
49051,2
49052,0
49053,0
49054,0
49055,0
49056,0
49057,0
49058,0
49059,0
49060,0
49061,2
49062,2
49063,2
49064,2
49065,2
49066,2
49067,2
49068,2
49069,2
49070,0
49071,0
49072,0
49073,0
49074,2
49075,0
49076,0
49077,0
49078,2
49079,0
49080,0
49081,2
49082,1
49083,0
49084,0
49085,1
49086,2
49087,2
49088,0
49089,2
49090,2
49091,2
49092,2
49093,0
49094,2
49095,2
49096,2
49097,2
49098,0
49099,0
49100,0
49101,0
49102,1
49103,1
49104,2
49105,2
49106,0
49107,1
49108,2
49109,2
49110,2
49111,2
49112,2
49113,2
49114,0
49115,2
49116,2
49117,0
49118,2
49119,0
49120,0
49121,1
49122,2
49123,1
49124,2
49125,2
49126,0
49127,0
49128,1
49129,2
49130,0
49131,2
49132,2
49133,2
49134,2
49135,2
49136,2
49137,2
49138,2
49139,0
49140,2
49141,1
49142,2
49143,0
49144,0
49145,0
49146,2
49147,0
49148,2
49149,2
49150,2
49151,0
49152,0
49153,2
49154,0
49155,2
49156,2
49157,2
49158,2
49159,2
49160,2
49161,2
49162,2
49163,1
49164,2
49165,2
49166,0
49167,0
49168,0
49169,2
49170,2
49171,2
49172,2
49173,0
49174,0
49175,2
49176,2
49177,2
49178,2
49179,0
49180,2
49181,0
49182,0
49183,0
49184,0
49185,0
49186,0
49187,0
49188,0
49189,0
49190,0
49191,0
49192,0
49193,0
49194,0
49195,0
49196,0
49197,0
49198,2
49199,2
49200,2
49201,2
49202,2
49203,2
49204,2
49205,2
49206,2
49207,0
49208,0
49209,0
49210,0
49211,0
49212,0
49213,0
49214,0
49215,2
49216,0
49217,0
49218,0
49219,0
49220,0
49221,0
49222,0
49223,0
49224,2
49225,0
49226,2
49227,2
49228,0
49229,2
49230,0
49231,2
49232,0
49233,0
49234,2
49235,0
49236,0
49237,0
49238,0
49239,1
49240,0
49241,2
49242,0
49243,0
49244,0
49245,2
49246,2
49247,2
49248,2
49249,2
49250,2
49251,0
49252,2
49253,0
49254,0
49255,2
49256,0
49257,0
49258,1
49259,2
49260,0
49261,0
49262,2
49263,0
49264,0
49265,0
49266,0
49267,0
49268,2
49269,2
49270,2
49271,2
49272,2
49273,2
49274,2
49275,2
49276,0
49277,2
49278,0
49279,0
49280,0
49281,0
49282,0
49283,0
49284,0
49285,2
49286,2
49287,2
49288,0
49289,0
49290,1
49291,0
49292,2
49293,0
49294,2
49295,2
49296,2
49297,2
49298,2
49299,2
49300,0
49301,0
49302,0
49303,0
49304,0
49305,0
49306,0
49307,2
49308,2
49309,0
49310,0
49311,0
49312,2
49313,2
49314,2
49315,0
49316,0
49317,0
49318,0
49319,0
49320,0
49321,0
49322,0
49323,0
49324,0
49325,0
49326,0
49327,0
49328,0
49329,0
49330,0
49331,0
49332,0
49333,0
49334,0
49335,2
49336,2
49337,2
49338,2
49339,2
49340,2
49341,2
49342,2
49343,2
49344,0
49345,0
49346,0
49347,0
49348,0
49349,0
49350,0
49351,0
49352,2
49353,0
49354,0
49355,2
49356,0
49357,0
49358,0
49359,0
49360,0
49361,2
49362,0
49363,2
49364,2
49365,0
49366,2
49367,0
49368,2
49369,0
49370,2
49371,2
49372,0
49373,0
49374,0
49375,0
49376,0
49377,0
49378,2
49379,0
49380,0
49381,0
49382,2
49383,2
49384,2
49385,2
49386,2
49387,2
49388,0
49389,2
49390,0
49391,0
49392,2
49393,0
49394,0
49395,0
49396,0
49397,0
49398,2
49399,2
49400,0
49401,0
49402,0
49403,0
49404,0
49405,2
49406,2
49407,2
49408,2
49409,2
49410,2
49411,2
49412,2
49413,0
49414,2
49415,0
49416,0
49417,0
49418,0
49419,0
49420,0
49421,0
49422,2
49423,2
49424,2
49425,0
49426,0
49427,1
49428,0
49429,2
49430,0
49431,2
49432,2
49433,2
49434,2
49435,2
49436,2
49437,0
49438,0
49439,2
49440,0
49441,0
49442,0
49443,0
49444,2
49445,2
49446,2
49447,0
49448,0
49449,2
49450,2
49451,2
49452,2
49453,0
49454,0
49455,2
49456,2
49457,0
49458,0
49459,0
49460,0
49461,0
49462,2
49463,0
49464,0
49465,0
49466,0
49467,0
49468,0
49469,0
49470,0
49471,0
49472,2
49473,2
49474,2
49475,2
49476,2
49477,2
49478,2
49479,2
49480,2
49481,0
49482,0
49483,0
49484,0
49485,0
49486,0
49487,0
49488,0
49489,2
49490,0
49491,0
49492,2
49493,0
49494,0
49495,0
49496,0
49497,0
49498,2
49499,0
49500,2
49501,2
49502,0
49503,2
49504,0
49505,2
49506,0
49507,2
49508,2
49509,0
49510,0
49511,0
49512,0
49513,0
49514,0
49515,2
49516,0
49517,0
49518,0
49519,2
49520,2
49521,2
49522,2
49523,2
49524,2
49525,0
49526,2
49527,0
49528,0
49529,2
49530,0
49531,0
49532,2
49533,2
49534,0
49535,2
49536,2
49537,0
49538,0
49539,0
49540,0
49541,0
49542,2
49543,2
49544,2
49545,2
49546,2
49547,2
49548,2
49549,2
49550,0
49551,2
49552,0
49553,2
49554,0
49555,0
49556,0
49557,0
49558,0
49559,2
49560,2
49561,2
49562,0
49563,0
49564,2
49565,0
49566,2
49567,0
49568,2
49569,2
49570,0
49571,2
49572,2
49573,2
49574,0
49575,0
49576,2
49577,0
49578,0
49579,0
49580,0
49581,2
49582,2
49583,2
49584,0
49585,0
49586,2
49587,2
49588,2
49589,2
49590,0
49591,0
49592,0
49593,0
49594,0
49595,0
49596,0
49597,0
49598,0
49599,0
49600,0
49601,0
49602,0
49603,0
49604,0
49605,0
49606,0
49607,0
49608,0
49609,2
49610,2
49611,2
49612,2
49613,2
49614,2
49615,2
49616,2
49617,2
49618,0
49619,0
49620,0
49621,0
49622,0
49623,0
49624,0
49625,0
49626,2
49627,0
49628,0
49629,2
49630,0
49631,0
49632,0
49633,0
49634,0
49635,2
49636,0
49637,2
49638,2
49639,0
49640,2
49641,0
49642,2
49643,0
49644,2
49645,2
49646,0
49647,0
49648,0
49649,0
49650,0
49651,0
49652,2
49653,0
49654,0
49655,0
49656,2
49657,2
49658,2
49659,2
49660,2
49661,2
49662,0
49663,2
49664,0
49665,0
49666,2
49667,0
49668,0
49669,0
49670,2
49671,0
49672,0
49673,2
49674,0
49675,0
49676,2
49677,0
49678,0
49679,2
49680,2
49681,2
49682,2
49683,2
49684,2
49685,2
49686,2
49687,0
49688,2
49689,0
49690,0
49691,0
49692,0
49693,0
49694,0
49695,0
49696,2
49697,2
49698,2
49699,0
49700,0
49701,1
49702,0
49703,2
49704,0
49705,2
49706,2
49707,2
49708,2
49709,2
49710,0
49711,0
49712,0
49713,2
49714,0
49715,0
49716,0
49717,0
49718,2
49719,2
49720,0
49721,0
49722,0
49723,2
49724,2
49725,2
49726,0
49727,0
49728,0
49729,0
49730,0
49731,0
49732,0
49733,0
49734,0
49735,0
49736,2
49737,0
49738,0
49739,0
49740,0
49741,0
49742,0
49743,0
49744,0
49745,0
49746,2
49747,2
49748,2
49749,2
49750,2
49751,2
49752,2
49753,2
49754,2
49755,0
49756,0
49757,0
49758,0
49759,2
49760,0
49761,0
49762,0
49763,2
49764,0
49765,0
49766,0
49767,1
49768,0
49769,0
49770,1
49771,2
49772,2
49773,0
49774,2
49775,2
49776,2
49777,2
49778,0
49779,2
49780,0
49781,0
49782,2
49783,0
49784,0
49785,0
49786,0
49787,0
49788,0
49789,2
49790,2
49791,0
49792,1
49793,2
49794,2
49795,2
49796,2
49797,2
49798,2
49799,0
49800,2
49801,1
49802,1
49803,2
49804,0
49805,0
49806,1
49807,2
49808,0
49809,2
49810,2
49811,0
49812,0
49813,1
49814,2
49815,0
49816,2
49817,2
49818,2
49819,2
49820,2
49821,2
49822,2
49823,2
49824,0
49825,2
49826,1
49827,2
49828,0
49829,0
49830,0
49831,2
49832,0
49833,2
49834,2
49835,2
49836,0
49837,0
49838,2
49839,0
49840,2
49841,1
49842,2
49843,2
49844,0
49845,2
49846,2
49847,2
49848,1
49849,2
49850,2
49851,1
49852,0
49853,0
49854,0
49855,2
49856,2
49857,2
49858,0
49859,0
49860,0
49861,2
49862,2
49863,0
49864,0
49865,0
49866,0
49867,2
49868,0
49869,0
49870,0
49871,0
49872,0
49873,0
49874,0
49875,0
49876,0
49877,0
49878,0
49879,0
49880,0
49881,0
49882,0
49883,2
49884,2
49885,2
49886,2
49887,2
49888,2
49889,2
49890,2
49891,2
49892,0
49893,0
49894,0
49895,0
49896,0
49897,0
49898,0
49899,0
49900,2
49901,0
49902,0
49903,0
49904,0
49905,0
49906,0
49907,0
49908,0
49909,2
49910,0
49911,2
49912,2
49913,0
49914,2
49915,0
49916,2
49917,0
49918,0
49919,2
49920,0
49921,0
49922,0
49923,0
49924,0
49925,0
49926,2
49927,0
49928,0
49929,0
49930,2
49931,2
49932,2
49933,2
49934,2
49935,2
49936,0
49937,2
49938,0
49939,0
49940,2
49941,0
49942,0
49943,0
49944,0
49945,0
49946,0
49947,2
49948,0
49949,0
49950,0
49951,0
49952,0
49953,2
49954,2
49955,2
49956,2
49957,2
49958,2
49959,2
49960,2
49961,0
49962,2
49963,0
49964,0
49965,0
49966,0
49967,0
49968,0
49969,0
49970,2
49971,2
49972,2
49973,0
49974,0
49975,0
49976,0
49977,2
49978,0
49979,2
49980,2
49981,0
49982,2
49983,2
49984,2
49985,0
49986,0
49987,0
49988,0
49989,0
49990,0
49991,0
49992,2
49993,2
49994,0
49995,0
49996,0
49997,2
49998,2
49999,2
50000,0
50001,0
50002,0
50003,0
50004,0
50005,0
50006,0
50007,0
50008,0
50009,0
50010,0
50011,0
50012,0
50013,0
50014,0
50015,0
50016,0
50017,0
50018,0
50019,0
50020,2
50021,2
50022,2
50023,2
50024,2
50025,2
50026,2
50027,2
50028,2
50029,0
50030,0
50031,0
50032,0
50033,0
50034,0
50035,0
50036,0
50037,2
50038,0
50039,0
50040,0
50041,0
50042,0
50043,0
50044,0
50045,0
50046,2
50047,0
50048,2
50049,2
50050,0
50051,2
50052,0
50053,2
50054,0
50055,0
50056,2
50057,0
50058,0
50059,0
50060,0
50061,1
50062,0
50063,2
50064,0
50065,0
50066,0
50067,2
50068,2
50069,2
50070,2
50071,2
50072,2
50073,0
50074,2
50075,0
50076,0
50077,2
50078,0
50079,0
50080,1
50081,2
50082,0
50083,0
50084,2
50085,0
50086,0
50087,0
50088,0
50089,0
50090,2
50091,2
50092,2
50093,2
50094,2
50095,2
50096,2
50097,2
50098,0
50099,2
50100,0
50101,0
50102,0
50103,0
50104,0
50105,0
50106,0
50107,2
50108,2
50109,2
50110,0
50111,0
50112,1
50113,0
50114,2
50115,0
50116,2
50117,2
50118,2
50119,2
50120,2
50121,2
50122,0
50123,0
50124,0
50125,0
50126,0
50127,0
50128,0
50129,2
50130,2
50131,0
50132,0
50133,0
50134,2
50135,2
50136,2
50137,0
50138,0
50139,0
50140,0
50141,0
50142,0
50143,0
50144,0
50145,0
50146,0
50147,2
50148,0
50149,0
50150,0
50151,0
50152,0
50153,0
50154,0
50155,0
50156,0
50157,2
50158,2
50159,2
50160,2
50161,2
50162,2
50163,2
50164,2
50165,2
50166,0
50167,0
50168,0
50169,0
50170,2
50171,1
50172,0
50173,0
50174,2
50175,0
50176,0
50177,2
50178,1
50179,0
50180,1
50181,1
50182,2
50183,2
50184,1
50185,2
50186,2
50187,1
50188,2
50189,0
50190,2
50191,0
50192,2
50193,2
50194,0
50195,0
50196,0
50197,0
50198,0
50199,1
50200,1
50201,1
50202,0
50203,1
50204,2
50205,2
50206,2
50207,2
50208,2
50209,2
50210,0
50211,2
50212,1
50213,0
50214,2
50215,0
50216,0
50217,1
50218,2
50219,1
50220,2
50221,1
50222,1
50223,0
50224,1
50225,0
50226,0
50227,2
50228,2
50229,2
50230,2
50231,2
50232,2
50233,2
50234,2
50235,0
50236,2
50237,1
50238,1
50239,0
50240,0
50241,0
50242,1
50243,0
50244,2
50245,2
50246,2
50247,0
50248,0
50249,1
50250,0
50251,2
50252,2
50253,2
50254,2
50255,0
50256,2
50257,2
50258,2
50259,1
50260,0
50261,0
50262,1
50263,0
50264,0
50265,2
50266,2
50267,2
50268,0
50269,0
50270,0
50271,2
50272,0
50273,2
50274,0
50275,0
50276,0
50277,0
50278,0
50279,0
50280,0
50281,0
50282,0
50283,0
50284,2
50285,0
50286,0
50287,0
50288,0
50289,0
50290,0
50291,0
50292,0
50293,0
50294,2
50295,2
50296,2
50297,2
50298,2
50299,2
50300,2
50301,2
50302,2
50303,0
50304,0
50305,0
50306,0
50307,2
50308,0
50309,0
50310,0
50311,2
50312,0
50313,0
50314,0
50315,1
50316,0
50317,1
50318,1
50319,2
50320,2
50321,0
50322,2
50323,2
50324,2
50325,2
50326,0
50327,2
50328,2
50329,2
50330,2
50331,0
50332,0
50333,0
50334,0
50335,1
50336,1
50337,2
50338,2
50339,0
50340,1
50341,2
50342,2
50343,2
50344,2
50345,2
50346,2
50347,0
50348,2
50349,1
50350,1
50351,2
50352,0
50353,0
50354,1
50355,2
50356,1
50357,2
50358,2
50359,0
50360,0
50361,1
50362,0
50363,0
50364,2
50365,2
50366,2
50367,2
50368,2
50369,2
50370,2
50371,2
50372,0
50373,2
50374,1
50375,2
50376,0
50377,0
50378,0
50379,2
50380,0
50381,2
50382,2
50383,2
50384,0
50385,0
50386,2
50387,0
50388,2
50389,2
50390,2
50391,2
50392,2
50393,2
50394,2
50395,2
50396,1
50397,2
50398,2
50399,1
50400,0
50401,0
50402,2
50403,2
50404,2
50405,2
50406,0
50407,0
50408,2
50409,2
50410,2
50411,2
50412,0
50413,0
50414,0
50415,2
50416,0
50417,0
50418,0
50419,0
50420,0
50421,0
50422,0
50423,0
50424,0
50425,0
50426,0
50427,0
50428,0
50429,0
50430,0
50431,2
50432,2
50433,2
50434,2
50435,2
50436,2
50437,2
50438,2
50439,2
50440,0
50441,0
50442,0
50443,0
50444,0
50445,0
50446,0
50447,0
50448,2
50449,0
50450,0
50451,2
50452,0
50453,0
50454,0
50455,0
50456,2
50457,2
50458,0
50459,2
50460,2
50461,0
50462,2
50463,0
50464,2
50465,0
50466,0
50467,2
50468,0
50469,0
50470,0
50471,0
50472,0
50473,0
50474,0
50475,0
50476,0
50477,0
50478,2
50479,2
50480,2
50481,2
50482,2
50483,2
50484,0
50485,0
50486,0
50487,0
50488,2
50489,0
50490,0
50491,0
50492,0
50493,0
50494,0
50495,0
50496,0
50497,0
50498,0
50499,0
50500,0
50501,2
50502,2
50503,2
50504,2
50505,2
50506,2
50507,2
50508,2
50509,0
50510,2
50511,0
50512,0
50513,0
50514,0
50515,0
50516,0
50517,0
50518,2
50519,2
50520,2
50521,0
50522,0
50523,0
50524,0
50525,2
50526,0
50527,2
50528,2
50529,2
50530,2
50531,2
50532,2
50533,0
50534,0
50535,0
50536,0
50537,0
50538,0
50539,2
50540,2
50541,2
50542,0
50543,0
50544,0
50545,2
50546,2
50547,2
50548,2
50549,0
50550,0
50551,0
50552,0
50553,0
50554,0
50555,0
50556,0
50557,0
50558,2
50559,0
50560,0
50561,0
50562,0
50563,0
50564,0
50565,0
50566,0
50567,0
50568,2
50569,2
50570,2
50571,2
50572,2
50573,2
50574,2
50575,2
50576,2
50577,0
50578,0
50579,0
50580,0
50581,2
50582,0
50583,0
50584,0
50585,2
50586,0
50587,0
50588,0
50589,1
50590,0
50591,1
50592,1
50593,2
50594,2
50595,0
50596,2
50597,2
50598,2
50599,2
50600,0
50601,2
50602,2
50603,2
50604,2
50605,0
50606,0
50607,0
50608,0
50609,1
50610,1
50611,2
50612,1
50613,0
50614,1
50615,2
50616,2
50617,2
50618,2
50619,2
50620,2
50621,0
50622,2
50623,1
50624,0
50625,2
50626,0
50627,0
50628,1
50629,2
50630,1
50631,2
50632,2
50633,0
50634,0
50635,1
50636,0
50637,0
50638,2
50639,2
50640,2
50641,2
50642,2
50643,2
50644,2
50645,2
50646,0
50647,2
50648,1
50649,0
50650,0
50651,0
50652,0
50653,1
50654,0
50655,2
50656,2
50657,2
50658,0
50659,0
50660,1
50661,0
50662,2
50663,2
50664,2
50665,2
50666,2
50667,2
50668,2
50669,2
50670,0
50671,2
50672,0
50673,1
50674,0
50675,0
50676,2
50677,2
50678,2
50679,2
50680,0
50681,0
50682,2
50683,2
50684,2
50685,2
50686,0
50687,0
50688,0
50689,0
50690,0
50691,0
50692,0
50693,0
50694,0
50695,0
50696,0
50697,0
50698,0
50699,0
50700,0
50701,0
50702,0
50703,0
50704,0
50705,2
50706,2
50707,2
50708,2
50709,2
50710,2
50711,2
50712,2
50713,2
50714,0
50715,0
50716,0
50717,0
50718,0
50719,0
50720,0
50721,0
50722,2
50723,0
50724,0
50725,2
50726,0
50727,0
50728,0
50729,0
50730,2
50731,2
50732,0
50733,2
50734,2
50735,0
50736,2
50737,0
50738,2
50739,0
50740,0
50741,2
50742,0
50743,0
50744,0
50745,0
50746,0
50747,0
50748,0
50749,0
50750,0
50751,0
50752,2
50753,2
50754,2
50755,2
50756,2
50757,2
50758,0
50759,0
50760,0
50761,0
50762,0
50763,0
50764,0
50765,0
50766,0
50767,0
50768,0
50769,0
50770,0
50771,0
50772,0
50773,0
50774,0
50775,2
50776,2
50777,2
50778,2
50779,2
50780,2
50781,2
50782,2
50783,0
50784,2
50785,0
50786,0
50787,0
50788,0
50789,0
50790,0
50791,0
50792,2
50793,2
50794,2
50795,0
50796,0
50797,0
50798,0
50799,2
50800,0
50801,2
50802,2
50803,0
50804,2
50805,2
50806,2
50807,0
50808,0
50809,2
50810,0
50811,0
50812,0
50813,0
50814,2
50815,2
50816,0
50817,0
50818,0
50819,2
50820,2
50821,2
50822,2
50823,0
50824,0
50825,0
50826,0
50827,0
50828,0
50829,0
50830,0
50831,0
50832,0
50833,0
50834,0
50835,0
50836,0
50837,0
50838,0
50839,0
50840,0
50841,0
50842,2
50843,2
50844,2
50845,2
50846,2
50847,2
50848,2
50849,2
50850,2
50851,0
50852,0
50853,0
50854,0
50855,2
50856,0
50857,0
50858,0
50859,2
50860,0
50861,0
50862,2
50863,0
50864,0
50865,0
50866,0
50867,2
50868,2
50869,0
50870,2
50871,2
50872,0
50873,2
50874,0
50875,2
50876,2
50877,2
50878,2
50879,0
50880,0
50881,0
50882,0
50883,0
50884,0
50885,0
50886,0
50887,0
50888,0
50889,2
50890,2
50891,2
50892,2
50893,2
50894,2
50895,0
50896,2
50897,0
50898,0
50899,2
50900,0
50901,0
50902,0
50903,0
50904,0
50905,0
50906,0
50907,0
50908,0
50909,0
50910,0
50911,0
50912,2
50913,2
50914,2
50915,2
50916,2
50917,2
50918,2
50919,2
50920,0
50921,2
50922,0
50923,0
50924,0
50925,0
50926,0
50927,0
50928,0
50929,2
50930,2
50931,2
50932,0
50933,0
50934,0
50935,0
50936,2
50937,0
50938,2
50939,2
50940,2
50941,2
50942,2
50943,2
50944,0
50945,0
50946,0
50947,0
50948,0
50949,0
50950,2
50951,2
50952,2
50953,0
50954,0
50955,0
50956,2
50957,2
50958,2
50959,2
50960,0
50961,0
50962,0
50963,0
50964,0
50965,0
50966,0
50967,0
50968,0
50969,2
50970,0
50971,0
50972,0
50973,0
50974,0
50975,0
50976,0
50977,0
50978,0
50979,2
50980,2
50981,2
50982,2
50983,2
50984,2
50985,2
50986,2
50987,2
50988,0
50989,0
50990,0
50991,0
50992,0
50993,0
50994,0
50995,0
50996,2
50997,0
50998,0
50999,0
51000,2
51001,0
51002,0
51003,0
51004,0
51005,2
51006,0
51007,2
51008,2
51009,0
51010,2
51011,0
51012,2
51013,0
51014,0
51015,0
51016,0
51017,0
51018,0
51019,0
51020,0
51021,0
51022,2
51023,2
51024,0
51025,0
51026,2
51027,2
51028,2
51029,2
51030,2
51031,2
51032,0
51033,2
51034,0
51035,0
51036,2
51037,0
51038,0
51039,2
51040,2
51041,0
51042,2
51043,2
51044,0
51045,0
51046,0
51047,0
51048,0
51049,2
51050,2
51051,2
51052,2
51053,2
51054,2
51055,2
51056,2
51057,0
51058,2
51059,0
51060,2
51061,0
51062,0
51063,0
51064,0
51065,0
51066,2
51067,0
51068,2
51069,0
51070,0
51071,2
51072,0
51073,2
51074,0
51075,2
51076,2
51077,2
51078,0
51079,2
51080,2
51081,0
51082,0
51083,2
51084,0
51085,0
51086,0
51087,0
51088,2
51089,2
51090,2
51091,0
51092,0
51093,0
51094,2
51095,2
51096,0
51097,0
51098,0
51099,0
51100,2
51101,0
51102,0
51103,0
51104,0
51105,0
51106,0
51107,0
51108,0
51109,0
51110,0
51111,0
51112,0
51113,0
51114,0
51115,0
51116,2
51117,2
51118,2
51119,2
51120,2
51121,2
51122,2
51123,2
51124,2
51125,0
51126,0
51127,0
51128,0
51129,0
51130,0
51131,0
51132,0
51133,2
51134,0
51135,0
51136,0
51137,0
51138,0
51139,0
51140,0
51141,0
51142,2
51143,0
51144,2
51145,2
51146,2
51147,2
51148,0
51149,2
51150,0
51151,2
51152,2
51153,0
51154,0
51155,0
51156,0
51157,2
51158,0
51159,2
51160,2
51161,0
51162,2
51163,2
51164,2
51165,2
51166,2
51167,2
51168,2
51169,0
51170,2
51171,0
51172,0
51173,2
51174,0
51175,0
51176,2
51177,2
51178,0
51179,2
51180,2
51181,0
51182,0
51183,2
51184,0
51185,0
51186,2
51187,2
51188,2
51189,2
51190,2
51191,2
51192,2
51193,2
51194,0
51195,2
51196,0
51197,2
51198,0
51199,0
51200,0
51201,2
51202,0
51203,2
51204,2
51205,2
51206,0
51207,0
51208,2
51209,0
51210,2
51211,0
51212,2
51213,2
51214,2
51215,2
51216,2
51217,0
51218,0
51219,2
51220,2
51221,0
51222,0
51223,0
51224,0
51225,2
51226,2
51227,2
51228,0
51229,0
51230,2
51231,2
51232,2
51233,2
51234,0
51235,0
51236,0
51237,0
51238,0
51239,0
51240,0
51241,0
51242,0
51243,2
51244,0
51245,0
51246,0
51247,0
51248,0
51249,0
51250,0
51251,0
51252,0
51253,2
51254,2
51255,2
51256,2
51257,2
51258,2
51259,2
51260,2
51261,2
51262,0
51263,0
51264,0
51265,0
51266,0
51267,0
51268,0
51269,0
51270,2
51271,0
51272,0
51273,2
51274,0
51275,0
51276,0
51277,0
51278,2
51279,2
51280,0
51281,2
51282,2
51283,0
51284,2
51285,0
51286,2
51287,2
51288,2
51289,2
51290,0
51291,0
51292,0
51293,0
51294,0
51295,0
51296,2
51297,0
51298,0
51299,0
51300,2
51301,2
51302,2
51303,2
51304,2
51305,2
51306,0
51307,2
51308,0
51309,0
51310,2
51311,0
51312,0
51313,0
51314,2
51315,0
51316,2
51317,2
51318,0
51319,0
51320,0
51321,0
51322,0
51323,2
51324,2
51325,2
51326,2
51327,2
51328,2
51329,2
51330,2
51331,0
51332,2
51333,0
51334,2
51335,0
51336,0
51337,0
51338,0
51339,0
51340,2
51341,2
51342,2
51343,0
51344,0
51345,0
51346,0
51347,2
51348,2
51349,2
51350,2
51351,2
51352,2
51353,2
51354,2
51355,0
51356,2
51357,2
51358,0
51359,0
51360,0
51361,2
51362,2
51363,2
51364,2
51365,0
51366,0
51367,2
51368,2
51369,2
51370,2
51371,0
51372,2
51373,0
51374,0
51375,0
51376,0
51377,0
51378,0
51379,0
51380,0
51381,0
51382,0
51383,0
51384,0
51385,0
51386,0
51387,0
51388,0
51389,0
51390,2
51391,2
51392,2
51393,2
51394,2
51395,2
51396,2
51397,2
51398,2
51399,0
51400,0
51401,0
51402,0
51403,0
51404,0
51405,0
51406,0
51407,2
51408,0
51409,0
51410,0
51411,0
51412,0
51413,0
51414,0
51415,0
51416,2
51417,0
51418,2
51419,2
51420,0
51421,2
51422,0
51423,2
51424,2
51425,2
51426,2
51427,0
51428,0
51429,0
51430,0
51431,0
51432,0
51433,2
51434,0
51435,0
51436,0
51437,2
51438,2
51439,2
51440,2
51441,2
51442,2
51443,0
51444,2
51445,0
51446,0
51447,2
51448,0
51449,0
51450,1
51451,2
51452,0
51453,0
51454,2
51455,0
51456,0
51457,0
51458,0
51459,0
51460,2
51461,2
51462,2
51463,2
51464,2
51465,2
51466,2
51467,2
51468,0
51469,2
51470,0
51471,0
51472,0
51473,0
51474,0
51475,0
51476,0
51477,2
51478,2
51479,2
51480,0
51481,0
51482,1
51483,0
51484,2
51485,2
51486,2
51487,2
51488,0
51489,2
51490,2
51491,0
51492,0
51493,0
51494,0
51495,0
51496,0
51497,0
51498,0
51499,2
51500,2
51501,0
51502,0
51503,0
51504,2
51505,2
51506,2
51507,2
51508,0
51509,0
51510,0
51511,0
51512,0
51513,0
51514,0
51515,0
51516,0
51517,2
51518,0
51519,0
51520,0
51521,0
51522,0
51523,0
51524,0
51525,0
51526,0
51527,2
51528,2
51529,2
51530,2
51531,2
51532,2
51533,2
51534,2
51535,2
51536,0
51537,0
51538,0
51539,0
51540,2
51541,1
51542,0
51543,0
51544,2
51545,0
51546,0
51547,2
51548,2
51549,0
51550,1
51551,1
51552,2
51553,2
51554,1
51555,2
51556,2
51557,2
51558,2
51559,0
51560,2
51561,2
51562,2
51563,2
51564,0
51565,0
51566,0
51567,0
51568,0
51569,1
51570,2
51571,2
51572,0
51573,1
51574,2
51575,2
51576,2
51577,2
51578,2
51579,2
51580,0
51581,2
51582,1
51583,1
51584,2
51585,0
51586,0
51587,2
51588,2
51589,2
51590,2
51591,2
51592,1
51593,0
51594,1
51595,0
51596,0
51597,2
51598,2
51599,2
51600,2
51601,2
51602,2
51603,2
51604,2
51605,0
51606,2
51607,1
51608,2
51609,0
51610,0
51611,0
51612,2
51613,0
51614,2
51615,2
51616,2
51617,0
51618,0
51619,2
51620,0
51621,2
51622,2
51623,2
51624,2
51625,0
51626,2
51627,2
51628,2
51629,1
51630,2
51631,2
51632,1
51633,0
51634,0
51635,2
51636,2
51637,2
51638,2
51639,0
51640,0
51641,2
51642,2
51643,2
51644,2
51645,0
51646,2
51647,0
51648,2
51649,0
51650,0
51651,0
51652,0
51653,0
51654,0
51655,0
51656,0
51657,0
51658,0
51659,0
51660,0
51661,0
51662,0
51663,0
51664,2
51665,2
51666,2
51667,2
51668,2
51669,2
51670,2
51671,2
51672,2
51673,0
51674,0
51675,0
51676,0
51677,0
51678,0
51679,0
51680,0
51681,2
51682,0
51683,0
51684,2
51685,0
51686,0
51687,0
51688,0
51689,0
51690,2
51691,0
51692,2
51693,2
51694,0
51695,2
51696,0
51697,2
51698,0
51699,2
51700,2
51701,0
51702,0
51703,0
51704,0
51705,0
51706,0
51707,2
51708,0
51709,0
51710,0
51711,2
51712,2
51713,2
51714,2
51715,2
51716,2
51717,0
51718,2
51719,0
51720,0
51721,2
51722,0
51723,0
51724,0
51725,2
51726,0
51727,2
51728,2
51729,0
51730,0
51731,0
51732,0
51733,0
51734,2
51735,2
51736,2
51737,2
51738,2
51739,2
51740,2
51741,2
51742,0
51743,2
51744,0
51745,2
51746,0
51747,0
51748,0
51749,0
51750,0
51751,2
51752,2
51753,2
51754,0
51755,0
51756,2
51757,0
51758,2
51759,0
51760,2
51761,2
51762,2
51763,2
51764,2
51765,2
51766,0
51767,0
51768,2
51769,0
51770,0
51771,0
51772,0
51773,2
51774,2
51775,2
51776,0
51777,0
51778,2
51779,2
51780,2
51781,0
51782,0
51783,0
51784,0
51785,2
51786,0
51787,0
51788,0
51789,0
51790,0
51791,0
51792,0
51793,0
51794,0
51795,0
51796,0
51797,0
51798,0
51799,0
51800,0
51801,2
51802,2
51803,2
51804,2
51805,2
51806,2
51807,2
51808,2
51809,2
51810,0
51811,0
51812,0
51813,0
51814,2
51815,0
51816,0
51817,0
51818,2
51819,0
51820,0
51821,2
51822,0
51823,0
51824,0
51825,0
51826,2
51827,2
51828,0
51829,2
51830,2
51831,0
51832,2
51833,0
51834,2
51835,0
51836,0
51837,2
51838,0
51839,0
51840,0
51841,0
51842,0
51843,0
51844,2
51845,0
51846,0
51847,0
51848,2
51849,2
51850,2
51851,2
51852,2
51853,2
51854,0
51855,2
51856,0
51857,0
51858,2
51859,0
51860,0
51861,0
51862,0
51863,0
51864,0
51865,2
51866,0
51867,0
51868,0
51869,0
51870,0
51871,2
51872,2
51873,2
51874,2
51875,2
51876,2
51877,2
51878,2
51879,0
51880,2
51881,0
51882,0
51883,0
51884,0
51885,0
51886,0
51887,0
51888,2
51889,2
51890,2
51891,0
51892,0
51893,0
51894,0
51895,2
51896,0
51897,2
51898,2
51899,2
51900,2
51901,2
51902,2
51903,0
51904,0
51905,0
51906,0
51907,0
51908,0
51909,0
51910,2
51911,2
51912,2
51913,0
51914,0
51915,2
51916,2
51917,2
51918,2
51919,0
51920,0
51921,0
51922,0
51923,0
51924,0
51925,0
51926,0
51927,0
51928,2
51929,0
51930,0
51931,0
51932,0
51933,0
51934,0
51935,0
51936,0
51937,0
51938,2
51939,2
51940,2
51941,2
51942,2
51943,2
51944,2
51945,2
51946,2
51947,0
51948,0
51949,0
51950,0
51951,2
51952,0
51953,0
51954,0
51955,2
51956,0
51957,0
51958,2
51959,0
51960,0
51961,0
51962,0
51963,2
51964,2
51965,0
51966,2
51967,2
51968,0
51969,2
51970,0
51971,2
51972,2
51973,2
51974,2
51975,0
51976,0
51977,0
51978,0
51979,0
51980,0
51981,2
51982,0
51983,0
51984,2
51985,2
51986,2
51987,2
51988,2
51989,2
51990,2
51991,0
51992,2
51993,1
51994,0
51995,2
51996,0
51997,0
51998,0
51999,2
52000,0
52001,2
52002,2
52003,0
52004,0
52005,2
52006,0
52007,0
52008,2
52009,2
52010,2
52011,2
52012,2
52013,2
52014,2
52015,2
52016,0
52017,2
52018,0
52019,2
52020,0
52021,0
52022,0
52023,1
52024,0
52025,2
52026,2
52027,2
52028,0
52029,0
52030,2
52031,0
52032,2
52033,2
52034,2
52035,2
52036,2
52037,2
52038,2
52039,2
52040,0
52041,2
52042,2
52043,0
52044,0
52045,0
52046,2
52047,2
52048,2
52049,0
52050,0
52051,0
52052,2
52053,2
52054,2
52055,2
52056,0
52057,0
52058,0
52059,0
52060,0
52061,0
52062,0
52063,0
52064,0
52065,2
52066,0
52067,0
52068,0
52069,0
52070,0
52071,0
52072,0
52073,0
52074,0
52075,2
52076,2
52077,2
52078,2
52079,2
52080,2
52081,2
52082,2
52083,2
52084,0
52085,0
52086,0
52087,0
52088,0
52089,0
52090,0
52091,0
52092,2
52093,0
52094,0
52095,2
52096,0
52097,0
52098,0
52099,0
52100,2
52101,2
52102,0
52103,2
52104,2
52105,0
52106,2
52107,0
52108,2
52109,0
52110,2
52111,2
52112,0
52113,0
52114,0
52115,0
52116,0
52117,0
52118,2
52119,0
52120,0
52121,0
52122,2
52123,2
52124,2
52125,2
52126,2
52127,2
52128,0
52129,2
52130,0
52131,0
52132,2
52133,0
52134,0
52135,0
52136,2
52137,0
52138,0
52139,2
52140,0
52141,0
52142,0
52143,0
52144,0
52145,2
52146,2
52147,2
52148,2
52149,2
52150,2
52151,2
52152,2
52153,0
52154,2
52155,0
52156,0
52157,0
52158,0
52159,0
52160,0
52161,0
52162,2
52163,2
52164,2
52165,0
52166,0
52167,0
52168,0
52169,2
52170,0
52171,2
52172,2
52173,2
52174,2
52175,2
52176,2
52177,0
52178,0
52179,0
52180,0
52181,0
52182,0
52183,2
52184,2
52185,2
52186,0
52187,0
52188,0
52189,2
52190,2
52191,2
52192,2
52193,0
52194,0
52195,0
52196,0
52197,0
52198,0
52199,0
52200,0
52201,0
52202,2
52203,0
52204,0
52205,0
52206,0
52207,0
52208,0
52209,0
52210,0
52211,0
52212,2
52213,2
52214,2
52215,2
52216,2
52217,2
52218,2
52219,2
52220,2
52221,0
52222,0
52223,0
52224,0
52225,2
52226,0
52227,0
52228,0
52229,2
52230,0
52231,0
52232,2
52233,0
52234,0
52235,0
52236,0
52237,2
52238,2
52239,0
52240,2
52241,2
52242,0
52243,2
52244,0
52245,2
52246,2
52247,2
52248,2
52249,0
52250,0
52251,0
52252,0
52253,0
52254,0
52255,2
52256,0
52257,0
52258,1
52259,2
52260,2
52261,2
52262,2
52263,2
52264,2
52265,0
52266,2
52267,1
52268,0
52269,2
52270,0
52271,0
52272,1
52273,2
52274,0
52275,2
52276,2
52277,0
52278,0
52279,0
52280,0
52281,0
52282,2
52283,2
52284,2
52285,2
52286,2
52287,2
52288,2
52289,2
52290,0
52291,2
52292,0
52293,2
52294,0
52295,0
52296,0
52297,1
52298,0
52299,2
52300,2
52301,2
52302,0
52303,0
52304,2
52305,0
52306,2
52307,2
52308,2
52309,2
52310,2
52311,2
52312,2
52313,2
52314,0
52315,2
52316,2
52317,0
52318,0
52319,0
52320,2
52321,2
52322,2
52323,2
52324,0
52325,0
52326,2
52327,2
52328,2
52329,2
52330,0
52331,0
52332,0
52333,0
52334,0
52335,0
52336,0
52337,0
52338,0
52339,0
52340,0
52341,0
52342,0
52343,0
52344,0
52345,0
52346,0
52347,0
52348,0
52349,2
52350,2
52351,2
52352,2
52353,2
52354,2
52355,2
52356,2
52357,2
52358,0
52359,0
52360,0
52361,0
52362,0
52363,0
52364,0
52365,0
52366,2
52367,0
52368,0
52369,2
52370,0
52371,0
52372,0
52373,0
52374,2
52375,2
52376,0
52377,2
52378,2
52379,0
52380,2
52381,0
52382,2
52383,0
52384,0
52385,2
52386,0
52387,0
52388,0
52389,0
52390,0
52391,0
52392,0
52393,0
52394,0
52395,0
52396,2
52397,2
52398,2
52399,2
52400,2
52401,2
52402,0
52403,0
52404,0
52405,0
52406,2
52407,0
52408,0
52409,0
52410,0
52411,0
52412,0
52413,0
52414,0
52415,0
52416,0
52417,0
52418,0
52419,2
52420,2
52421,2
52422,2
52423,2
52424,2
52425,2
52426,2
52427,0
52428,2
52429,0
52430,0
52431,0
52432,0
52433,0
52434,0
52435,0
52436,2
52437,2
52438,2
52439,0
52440,0
52441,0
52442,0
52443,2
52444,0
52445,2
52446,2
52447,2
52448,2
52449,2
52450,2
52451,0
52452,0
52453,0
52454,0
52455,0
52456,0
52457,2
52458,2
52459,2
52460,0
52461,0
52462,0
52463,2
52464,2
52465,2
52466,2
52467,0
52468,0
52469,0
52470,0
52471,0
52472,0
52473,0
52474,0
52475,0
52476,0
52477,0
52478,0
52479,0
52480,0
52481,0
52482,0
52483,0
52484,0
52485,0
52486,2
52487,2
52488,2
52489,2
52490,2
52491,2
52492,2
52493,2
52494,2
52495,0
52496,0
52497,0
52498,0
52499,0
52500,0
52501,0
52502,0
52503,2
52504,0
52505,0
52506,2
52507,0
52508,0
52509,0
52510,0
52511,2
52512,2
52513,0
52514,2
52515,2
52516,0
52517,2
52518,0
52519,2
52520,0
52521,2
52522,2
52523,0
52524,0
52525,0
52526,0
52527,0
52528,0
52529,2
52530,2
52531,0
52532,0
52533,2
52534,2
52535,2
52536,2
52537,2
52538,2
52539,0
52540,2
52541,0
52542,0
52543,2
52544,0
52545,0
52546,0
52547,2
52548,0
52549,0
52550,2
52551,0
52552,0
52553,0
52554,0
52555,0
52556,2
52557,2
52558,2
52559,2
52560,2
52561,2
52562,2
52563,2
52564,0
52565,2
52566,0
52567,0
52568,0
52569,0
52570,0
52571,0
52572,0
52573,2
52574,2
52575,2
52576,0
52577,0
52578,2
52579,0
52580,2
52581,2
52582,2
52583,2
52584,2
52585,2
52586,2
52587,2
52588,0
52589,2
52590,2
52591,0
52592,0
52593,0
52594,0
52595,2
52596,2
52597,2
52598,0
52599,0
52600,2
52601,2
52602,2
52603,2
52604,0
52605,0
52606,0
52607,0
52608,0
52609,0
52610,0
52611,0
52612,0
52613,0
52614,0
52615,0
52616,0
52617,0
52618,0
52619,0
52620,0
52621,0
52622,0
52623,2
52624,2
52625,2
52626,2
52627,2
52628,2
52629,2
52630,2
52631,2
52632,0
52633,0
52634,0
52635,0
52636,0
52637,0
52638,0
52639,0
52640,2
52641,0
52642,0
52643,0
52644,0
52645,0
52646,0
52647,0
52648,0
52649,2
52650,0
52651,2
52652,2
52653,0
52654,2
52655,0
52656,2
52657,0
52658,2
52659,2
52660,0
52661,0
52662,0
52663,0
52664,0
52665,0
52666,2
52667,2
52668,0
52669,0
52670,2
52671,2
52672,2
52673,2
52674,2
52675,2
52676,0
52677,2
52678,0
52679,0
52680,2
52681,0
52682,0
52683,2
52684,2
52685,0
52686,2
52687,2
52688,0
52689,0
52690,0
52691,0
52692,0
52693,2
52694,2
52695,2
52696,2
52697,2
52698,2
52699,2
52700,2
52701,0
52702,2
52703,0
52704,2
52705,0
52706,0
52707,0
52708,0
52709,0
52710,2
52711,2
52712,2
52713,0
52714,0
52715,2
52716,0
52717,2
52718,0
52719,2
52720,2
52721,0
52722,2
52723,2
52724,0
52725,0
52726,2
52727,2
52728,0
52729,0
52730,0
52731,0
52732,2
52733,2
52734,2
52735,0
52736,0
52737,0
52738,2
52739,0
52740,0
52741,0
52742,0
52743,0
52744,0
52745,0
52746,0
52747,0
52748,0
52749,0
52750,2
52751,0
52752,0
52753,0
52754,0
52755,0
52756,0
52757,0
52758,0
52759,0
52760,2
52761,2
52762,2
52763,2
52764,2
52765,2
52766,2
52767,2
52768,2
52769,0
52770,0
52771,0
52772,0
52773,0
52774,0
52775,0
52776,0
52777,2
52778,0
52779,0
52780,2
52781,1
52782,0
52783,1
52784,1
52785,2
52786,2
52787,0
52788,2
52789,2
52790,0
52791,2
52792,0
52793,2
52794,2
52795,2
52796,2
52797,0
52798,0
52799,0
52800,0
52801,1
52802,0
52803,2
52804,0
52805,0
52806,1
52807,2
52808,2
52809,2
52810,2
52811,2
52812,2
52813,0
52814,2
52815,1
52816,0
52817,2
52818,0
52819,0
52820,1
52821,2
52822,0
52823,2
52824,2
52825,0
52826,0
52827,0
52828,0
52829,0
52830,2
52831,2
52832,2
52833,2
52834,2
52835,2
52836,2
52837,2
52838,0
52839,2
52840,1
52841,2
52842,0
52843,0
52844,0
52845,1
52846,0
52847,2
52848,2
52849,2
52850,0
52851,0
52852,1
52853,0
52854,2
52855,2
52856,2
52857,2
52858,2
52859,2
52860,2
52861,2
52862,0
52863,2
52864,0
52865,0
52866,0
52867,0
52868,0
52869,2
52870,2
52871,0
52872,0
52873,0
52874,2
52875,2
52876,2
52877,2
52878,0
52879,0
52880,0
52881,0
52882,0
52883,0
52884,0
52885,0
52886,0
52887,2
52888,0
52889,0
52890,0
52891,0
52892,0
52893,0
52894,0
52895,0
52896,0
52897,2
52898,2
52899,2
52900,2
52901,2
52902,2
52903,2
52904,2
52905,2
52906,0
52907,0
52908,0
52909,0
52910,2
52911,0
52912,0
52913,0
52914,2
52915,0
52916,0
52917,2
52918,0
52919,0
52920,0
52921,0
52922,2
52923,2
52924,0
52925,2
52926,2
52927,0
52928,2
52929,0
52930,2
52931,2
52932,2
52933,2
52934,0
52935,0
52936,0
52937,0
52938,0
52939,0
52940,0
52941,0
52942,0
52943,0
52944,2
52945,2
52946,2
52947,2
52948,2
52949,2
52950,0
52951,2
52952,0
52953,0
52954,2
52955,0
52956,0
52957,0
52958,2
52959,0
52960,0
52961,0
52962,0
52963,0
52964,0
52965,0
52966,0
52967,2
52968,2
52969,2
52970,2
52971,2
52972,2
52973,2
52974,2
52975,0
52976,2
52977,0
52978,0
52979,0
52980,0
52981,0
52982,0
52983,0
52984,2
52985,2
52986,2
52987,0
52988,0
52989,2
52990,0
52991,2
52992,2
52993,2
52994,2
52995,2
52996,2
52997,2
52998,2
52999,0
53000,2
53001,0
53002,0
53003,0
53004,0
53005,2
53006,2
53007,2
53008,0
53009,0
53010,0
53011,2
53012,2
53013,2
53014,2
53015,0
53016,0
53017,0
53018,0
53019,0
53020,0
53021,0
53022,0
53023,0
53024,2
53025,0
53026,0
53027,0
53028,0
53029,0
53030,0
53031,0
53032,0
53033,0
53034,2
53035,2
53036,2
53037,2
53038,2
53039,2
53040,2
53041,2
53042,2
53043,0
53044,0
53045,0
53046,0
53047,0
53048,0
53049,0
53050,0
53051,2
53052,0
53053,0
53054,2
53055,2
53056,0
53057,1
53058,1
53059,0
53060,2
53061,0
53062,2
53063,2
53064,2
53065,2
53066,0
53067,2
53068,2
53069,2
53070,2
53071,0
53072,0
53073,0
53074,0
53075,2
53076,2
53077,2
53078,2
53079,0
53080,2
53081,2
53082,2
53083,2
53084,2
53085,2
53086,2
53087,0
53088,2
53089,1
53090,0
53091,2
53092,0
53093,0
53094,2
53095,2
53096,0
53097,2
53098,2
53099,0
53100,0
53101,0
53102,2
53103,0
53104,2
53105,2
53106,2
53107,2
53108,2
53109,2
53110,2
53111,2
53112,0
53113,2
53114,1
53115,2
53116,0
53117,0
53118,0
53119,2
53120,0
53121,2
53122,2
53123,2
53124,0
53125,0
53126,2
53127,0
53128,2
53129,0
53130,2
53131,2
53132,2
53133,2
53134,2
53135,2
53136,0
53137,2
53138,2
53139,0
53140,0
53141,0
53142,0
53143,2
53144,2
53145,2
53146,0
53147,0
53148,2
53149,2
53150,2
53151,2
53152,0
53153,2
53154,2
53155,2
53156,0
53157,0
53158,0
53159,0
53160,0
53161,2
53162,0
53163,2
53164,2
53165,0
53166,0
53167,0
53168,0
53169,0
53170,2
53171,2
53172,2
53173,2
53174,2
53175,2
53176,2
53177,2
53178,2
53179,2
53180,0
53181,0
53182,0
53183,0
53184,2
53185,0
53186,0
53187,2
53188,2
53189,0
53190,0
53191,2
53192,2
53193,0
53194,2
53195,0
53196,2
53197,2
53198,2
53199,2
53200,2
53201,2
53202,2
53203,2
53204,2
53205,2
53206,2
53207,2
53208,0
53209,0
53210,0
53211,0
53212,2
53213,2
53214,2
53215,2
53216,2
53217,2
53218,2
53219,2
53220,2
53221,2
53222,2
53223,2
53224,2
53225,2
53226,2
53227,2
53228,2
53229,2
53230,0
53231,2
53232,2
53233,2
53234,2
53235,2
53236,0
53237,2
53238,2
53239,2
53240,0
53241,2
53242,2
53243,2
53244,2
53245,2
53246,2
53247,2
53248,2
53249,0
53250,2
53251,0
53252,2
53253,0
53254,0
53255,0
53256,2
53257,2
53258,2
53259,2
53260,2
53261,0
53262,0
53263,2
53264,0
53265,2
53266,2
53267,2
53268,2
53269,2
53270,2
53271,2
53272,2
53273,0
53274,2
53275,2
53276,2
53277,2
53278,2
53279,2
53280,2
53281,2
53282,2
53283,2
53284,0
53285,2
53286,2
53287,2
53288,2
53289,2
53290,2
53291,2
53292,2
53293,0
53294,0
53295,0
53296,0
53297,0
53298,0
53299,0
53300,0
53301,0
53302,0
53303,0
53304,0
53305,0
53306,0
53307,0
53308,2
53309,2
53310,2
53311,2
53312,2
53313,2
53314,2
53315,2
53316,2
53317,0
53318,0
53319,0
53320,0
53321,0
53322,0
53323,0
53324,0
53325,2
53326,0
53327,0
53328,2
53329,0
53330,0
53331,0
53332,0
53333,2
53334,2
53335,0
53336,2
53337,2
53338,0
53339,2
53340,0
53341,2
53342,0
53343,2
53344,2
53345,0
53346,0
53347,0
53348,0
53349,0
53350,0
53351,2
53352,0
53353,0
53354,0
53355,2
53356,2
53357,2
53358,2
53359,2
53360,2
53361,0
53362,2
53363,0
53364,0
53365,2
53366,0
53367,0
53368,0
53369,2
53370,0
53371,0
53372,2
53373,0
53374,0
53375,0
53376,0
53377,0
53378,2
53379,2
53380,2
53381,2
53382,2
53383,2
53384,2
53385,2
53386,0
53387,2
53388,0
53389,0
53390,0
53391,0
53392,0
53393,0
53394,0
53395,2
53396,2
53397,2
53398,0
53399,0
53400,1
53401,0
53402,2
53403,2
53404,2
53405,2
53406,2
53407,0
53408,2
53409,0
53410,0
53411,0
53412,0
53413,0
53414,0
53415,0
53416,2
53417,2
53418,2
53419,0
53420,0
53421,0
53422,2
53423,2
53424,2
53425,2
53426,0
53427,0
53428,0
53429,0
53430,0
53431,0
53432,0
53433,0
53434,0
53435,0
53436,0
53437,0
53438,0
53439,0
53440,0
53441,0
53442,0
53443,0
53444,0
53445,2
53446,2
53447,2
53448,2
53449,2
53450,2
53451,2
53452,2
53453,2
53454,0
53455,0
53456,0
53457,0
53458,2
53459,0
53460,0
53461,0
53462,2
53463,0
53464,0
53465,2
53466,0
53467,0
53468,0
53469,0
53470,2
53471,2
53472,0
53473,2
53474,2
53475,0
53476,2
53477,0
53478,2
53479,0
53480,0
53481,2
53482,0
53483,0
53484,0
53485,0
53486,0
53487,0
53488,1
53489,0
53490,0
53491,0
53492,2
53493,2
53494,2
53495,2
53496,2
53497,2
53498,0
53499,2
53500,1
53501,0
53502,2
53503,0
53504,0
53505,1
53506,1
53507,0
53508,0
53509,0
53510,0
53511,0
53512,0
53513,0
53514,0
53515,2
53516,2
53517,2
53518,2
53519,2
53520,2
53521,2
53522,2
53523,0
53524,2
53525,0
53526,0
53527,0
53528,0
53529,0
53530,1
53531,0
53532,2
53533,2
53534,2
53535,0
53536,0
53537,1
53538,0
53539,2
53540,2
53541,2
53542,2
53543,2
53544,0
53545,2
53546,2
53547,0
53548,0
53549,0
53550,0
53551,0
53552,0
53553,0
53554,2
53555,2
53556,0
53557,0
53558,0
53559,2
53560,2
53561,2
53562,2
53563,0
53564,0
53565,0
53566,0
53567,0
53568,0
53569,0
53570,0
53571,0
53572,2
53573,0
53574,0
53575,0
53576,0
53577,0
53578,0
53579,0
53580,0
53581,0
53582,2
53583,2
53584,2
53585,2
53586,2
53587,2
53588,2
53589,2
53590,2
53591,0
53592,0
53593,0
53594,0
53595,2
53596,0
53597,0
53598,0
53599,2
53600,0
53601,0
53602,2
53603,1
53604,0
53605,0
53606,1
53607,2
53608,2
53609,0
53610,2
53611,2
53612,2
53613,2
53614,0
53615,2
53616,0
53617,2
53618,2
53619,0
53620,0
53621,0
53622,0
53623,0
53624,0
53625,2
53626,0
53627,0
53628,0
53629,2
53630,2
53631,2
53632,2
53633,2
53634,2
53635,0
53636,2
53637,1
53638,0
53639,2
53640,0
53641,0
53642,1
53643,2
53644,0
53645,2
53646,2
53647,0
53648,0
53649,2
53650,0
53651,0
53652,2
53653,2
53654,2
53655,2
53656,2
53657,2
53658,2
53659,2
53660,0
53661,2
53662,1
53663,2
53664,0
53665,0
53666,0
53667,1
53668,0
53669,2
53670,2
53671,2
53672,0
53673,0
53674,1
53675,0
53676,2
53677,2
53678,2
53679,2
53680,0
53681,2
53682,2
53683,2
53684,0
53685,2
53686,2
53687,0
53688,0
53689,0
53690,2
53691,2
53692,2
53693,2
53694,0
53695,0
53696,2
53697,2
53698,2
53699,0
53700,0
53701,0
53702,0
53703,2
53704,0
53705,0
53706,0
53707,0
53708,0
53709,2
53710,0
53711,0
53712,0
53713,0
53714,0
53715,0
53716,0
53717,0
53718,0
53719,2
53720,2
53721,2
53722,2
53723,2
53724,2
53725,2
53726,2
53727,2
53728,0
53729,0
53730,0
53731,0
53732,2
53733,0
53734,0
53735,0
53736,2
53737,0
53738,0
53739,2
53740,1
53741,0
53742,1
53743,1
53744,0
53745,2
53746,0
53747,2
53748,2
53749,2
53750,2
53751,0
53752,2
53753,2
53754,2
53755,2
53756,0
53757,0
53758,0
53759,0
53760,2
53761,1
53762,2
53763,1
53764,0
53765,2
53766,2
53767,2
53768,2
53769,2
53770,2
53771,2
53772,0
53773,2
53774,1
53775,1
53776,2
53777,0
53778,0
53779,1
53780,2
53781,1
53782,2
53783,2
53784,0
53785,0
53786,1
53787,0
53788,0
53789,2
53790,2
53791,2
53792,2
53793,2
53794,2
53795,2
53796,2
53797,0
53798,2
53799,1
53800,2
53801,0
53802,0
53803,0
53804,1
53805,0
53806,2
53807,2
53808,2
53809,0
53810,0
53811,1
53812,0
53813,2
53814,0
53815,2
53816,2
53817,2
53818,2
53819,2
53820,2
53821,0
53822,2
53823,2
53824,0
53825,0
53826,0
53827,0
53828,2
53829,2
53830,2
53831,0
53832,0
53833,2
53834,2
53835,2
53836,2
53837,0
53838,0
53839,0
53840,0
53841,0
53842,0
53843,0
53844,0
53845,0
53846,2
53847,0
53848,0
53849,0
53850,0
53851,0
53852,0
53853,0
53854,0
53855,0
53856,2
53857,2
53858,2
53859,2
53860,2
53861,2
53862,2
53863,2
53864,2
53865,0
53866,0
53867,0
53868,0
53869,2
53870,0
53871,0
53872,0
53873,2
53874,0
53875,0
53876,2
53877,1
53878,0
53879,1
53880,1
53881,2
53882,2
53883,0
53884,2
53885,2
53886,2
53887,2
53888,0
53889,2
53890,2
53891,2
53892,2
53893,0
53894,0
53895,0
53896,0
53897,1
53898,1
53899,2
53900,1
53901,0
53902,1
53903,2
53904,2
53905,2
53906,2
53907,2
53908,2
53909,0
53910,2
53911,1
53912,0
53913,2
53914,0
53915,0
53916,1
53917,2
53918,0
53919,2
53920,2
53921,0
53922,0
53923,1
53924,0
53925,0
53926,2
53927,2
53928,2
53929,2
53930,2
53931,2
53932,2
53933,2
53934,0
53935,2
53936,1
53937,2
53938,0
53939,0
53940,0
53941,1
53942,0
53943,2
53944,2
53945,2
53946,0
53947,0
53948,1
53949,0
53950,2
53951,1
53952,2
53953,2
53954,2
53955,2
53956,2
53957,2
53958,0
53959,2
53960,0
53961,1
53962,0
53963,0
53964,2
53965,2
53966,2
53967,2
53968,0
53969,0
53970,2
53971,2
53972,2
53973,2
53974,0
53975,0
53976,0
53977,0
53978,0
53979,0
53980,0
53981,0
53982,0
53983,2
53984,0
53985,0
53986,0
53987,0
53988,0
53989,0
53990,0
53991,0
53992,0
53993,2
53994,2
53995,2
53996,2
53997,2
53998,2
53999,2
54000,2
54001,2
54002,2
54003,0
54004,0
54005,0
54006,2
54007,0
54008,0
54009,0
54010,2
54011,2
54012,2
54013,2
54014,2
54015,0
54016,0
54017,2
54018,0
54019,2
54020,2
54021,2
54022,2
54023,2
54024,2
54025,0
54026,2
54027,2
54028,2
54029,2
54030,0
54031,0
54032,0
54033,0
54034,2
54035,2
54036,2
54037,2
54038,0
54039,2
54040,2
54041,2
54042,2
54043,2
54044,0
54045,2
54046,2
54047,2
54048,2
54049,2
54050,2
54051,0
54052,0
54053,2
54054,2
54055,2
54056,2
54057,2
54058,0
54059,0
54060,2
54061,2
54062,0
54063,2
54064,2
54065,2
54066,2
54067,2
54068,2
54069,2
54070,2
54071,0
54072,2
54073,2
54074,2
54075,0
54076,0
54077,0
54078,2
54079,0
54080,2
54081,2
54082,2
54083,0
54084,0
54085,2
54086,0
54087,2
54088,2
54089,2
54090,2
54091,0
54092,2
54093,2
54094,2
54095,2
54096,2
54097,2
54098,2
54099,0
54100,0
54101,0
54102,2
54103,2
54104,2
54105,0
54106,0
54107,2
54108,2
54109,2
54110,2
54111,2
54112,2
54113,2
54114,2
54115,0
54116,0
54117,0
54118,0
54119,0
54120,2
54121,0
54122,0
54123,0
54124,0
54125,0
54126,0
54127,0
54128,0
54129,0
54130,2
54131,2
54132,2
54133,2
54134,2
54135,2
54136,2
54137,2
54138,2
54139,0
54140,0
54141,0
54142,0
54143,0
54144,0
54145,0
54146,0
54147,2
54148,0
54149,0
54150,0
54151,1
54152,0
54153,1
54154,1
54155,2
54156,2
54157,0
54158,2
54159,2
54160,0
54161,2
54162,0
54163,2
54164,2
54165,2
54166,2
54167,0
54168,0
54169,0
54170,0
54171,1
54172,1
54173,2
54174,0
54175,0
54176,1
54177,2
54178,2
54179,2
54180,2
54181,2
54182,2
54183,0
54184,2
54185,1
54186,0
54187,2
54188,0
54189,0
54190,1
54191,2
54192,0
54193,2
54194,2
54195,0
54196,0
54197,1
54198,0
54199,0
54200,2
54201,2
54202,2
54203,2
54204,2
54205,2
54206,2
54207,2
54208,0
54209,2
54210,1
54211,2
54212,0
54213,0
54214,0
54215,1
54216,0
54217,2
54218,2
54219,2
54220,0
54221,0
54222,1
54223,0
54224,2
54225,2
54226,2
54227,2
54228,2
54229,2
54230,2
54231,2
54232,0
54233,2
54234,0
54235,1
54236,0
54237,0
54238,2
54239,2
54240,2
54241,0
54242,0
54243,0
54244,2
54245,2
54246,2
54247,2
54248,0
54249,0
54250,0
54251,0
54252,0
54253,0
54254,0
54255,0
54256,0
54257,0
54258,0
54259,0
54260,0
54261,0
54262,0
54263,0
54264,0
54265,0
54266,0
54267,2
54268,2
54269,2
54270,2
54271,2
54272,2
54273,2
54274,2
54275,2
54276,0
54277,0
54278,0
54279,0
54280,0
54281,0
54282,0
54283,0
54284,2
54285,0
54286,0
54287,2
54288,0
54289,0
54290,0
54291,0
54292,2
54293,2
54294,0
54295,2
54296,2
54297,0
54298,2
54299,0
54300,2
54301,0
54302,0
54303,2
54304,0
54305,0
54306,0
54307,0
54308,0
54309,0
54310,0
54311,0
54312,0
54313,0
54314,2
54315,2
54316,2
54317,2
54318,2
54319,2
54320,0
54321,2
54322,0
54323,0
54324,0
54325,0
54326,0
54327,0
54328,0
54329,0
54330,0
54331,0
54332,0
54333,0
54334,0
54335,0
54336,0
54337,2
54338,2
54339,2
54340,2
54341,2
54342,2
54343,2
54344,2
54345,0
54346,2
54347,0
54348,0
54349,0
54350,0
54351,0
54352,0
54353,0
54354,2
54355,2
54356,2
54357,0
54358,0
54359,0
54360,0
54361,2
54362,0
54363,2
54364,2
54365,0
54366,2
54367,2
54368,2
54369,0
54370,0
54371,0
54372,0
54373,0
54374,0
54375,0
54376,2
54377,2
54378,0
54379,0
54380,0
54381,2
54382,2
54383,2
54384,2
54385,0
54386,0
54387,0
54388,0
54389,0
54390,0
54391,0
54392,0
54393,0
54394,0
54395,0
54396,0
54397,0
54398,0
54399,0
54400,0
54401,0
54402,0
54403,0
54404,2
54405,2
54406,2
54407,2
54408,2
54409,2
54410,2
54411,2
54412,2
54413,0
54414,0
54415,0
54416,0
54417,2
54418,0
54419,0
54420,0
54421,2
54422,0
54423,0
54424,2
54425,0
54426,0
54427,0
54428,0
54429,2
54430,2
54431,0
54432,2
54433,2
54434,0
54435,2
54436,0
54437,2
54438,2
54439,2
54440,2
54441,0
54442,0
54443,0
54444,0
54445,0
54446,0
54447,2
54448,0
54449,0
54450,0
54451,2
54452,2
54453,2
54454,2
54455,2
54456,2
54457,0
54458,2
54459,0
54460,0
54461,2
54462,0
54463,0
54464,0
54465,2
54466,0
54467,0
54468,2
54469,0
54470,0
54471,2
54472,0
54473,0
54474,2
54475,2
54476,2
54477,2
54478,2
54479,2
54480,2
54481,2
54482,0
54483,2
54484,0
54485,0
54486,0
54487,0
54488,0
54489,0
54490,0
54491,2
54492,2
54493,2
54494,0
54495,0
54496,2
54497,0
54498,2
54499,0
54500,2
54501,2
54502,2
54503,2
54504,2
54505,2
54506,0
54507,0
54508,0
54509,0
54510,0
54511,0
54512,2
54513,2
54514,2
54515,0
54516,0
54517,0
54518,2
54519,2
54520,2
54521,2
54522,0
54523,0
54524,0
54525,0
54526,0
54527,0
54528,0
54529,0
54530,0
54531,0
54532,0
54533,0
54534,0
54535,0
54536,0
54537,0
54538,0
54539,0
54540,0
54541,2
54542,2
54543,2
54544,2
54545,2
54546,2
54547,2
54548,2
54549,2
54550,0
54551,0
54552,0
54553,0
54554,0
54555,0
54556,0
54557,0
54558,2
54559,0
54560,0
54561,2
54562,1
54563,0
54564,0
54565,1
54566,0
54567,2
54568,0
54569,2
54570,2
54571,2
54572,2
54573,0
54574,2
54575,0
54576,2
54577,2
54578,0
54579,0
54580,0
54581,0
54582,1
54583,1
54584,2
54585,2
54586,0
54587,1
54588,2
54589,2
54590,2
54591,2
54592,2
54593,2
54594,0
54595,2
54596,1
54597,0
54598,2
54599,0
54600,0
54601,1
54602,2
54603,1
54604,2
54605,2
54606,0
54607,0
54608,0
54609,0
54610,0
54611,2
54612,2
54613,2
54614,2
54615,2
54616,2
54617,2
54618,2
54619,0
54620,2
54621,1
54622,2
54623,0
54624,0
54625,0
54626,2
54627,0
54628,2
54629,2
54630,2
54631,0
54632,0
54633,2
54634,0
54635,2
54636,0
54637,2
54638,2
54639,0
54640,0
54641,2
54642,2
54643,1
54644,2
54645,2
54646,1
54647,0
54648,0
54649,0
54650,2
54651,2
54652,0
54653,0
54654,0
54655,2
54656,2
54657,2
54658,2
54659,0
54660,0
54661,0
54662,0
54663,0
54664,0
54665,0
54666,0
54667,0
54668,2
54669,0
54670,0
54671,0
54672,0
54673,0
54674,0
54675,0
54676,0
54677,0
54678,2
54679,2
54680,2
54681,2
54682,2
54683,2
54684,2
54685,2
54686,2
54687,0
54688,0
54689,0
54690,0
54691,0
54692,0
54693,0
54694,0
54695,2
54696,0
54697,0
54698,2
54699,1
54700,0
54701,1
54702,1
54703,0
54704,2
54705,0
54706,2
54707,2
54708,2
54709,2
54710,0
54711,2
54712,2
54713,2
54714,2
54715,0
54716,0
54717,0
54718,0
54719,1
54720,1
54721,1
54722,1
54723,0
54724,1
54725,2
54726,2
54727,2
54728,2
54729,2
54730,2
54731,0
54732,2
54733,1
54734,0
54735,2
54736,0
54737,0
54738,1
54739,2
54740,1
54741,2
54742,2
54743,1
54744,0
54745,1
54746,0
54747,0
54748,2
54749,2
54750,2
54751,2
54752,2
54753,2
54754,2
54755,2
54756,0
54757,2
54758,1
54759,2
54760,0
54761,0
54762,0
54763,1
54764,0
54765,2
54766,2
54767,2
54768,0
54769,0
54770,1
54771,0
54772,2
54773,2
54774,2
54775,2
54776,2
54777,2
54778,2
54779,0
54780,1
54781,2
54782,1
54783,1
54784,0
54785,0
54786,2
54787,2
54788,2
54789,0
54790,0
54791,0
54792,2
54793,2
54794,2
54795,2
54796,0
54797,0
54798,0
54799,2
54800,0
54801,0
54802,0
54803,0
54804,0
54805,0
54806,0
54807,0
54808,0
54809,0
54810,0
54811,0
54812,0
54813,0
54814,0
54815,2
54816,2
54817,2
54818,2
54819,2
54820,2
54821,2
54822,2
54823,2
54824,0
54825,0
54826,0
54827,0
54828,0
54829,0
54830,0
54831,0
54832,2
54833,0
54834,0
54835,2
54836,0
54837,0
54838,0
54839,0
54840,0
54841,2
54842,0
54843,2
54844,2
54845,0
54846,2
54847,0
54848,2
54849,0
54850,2
54851,2
54852,0
54853,0
54854,0
54855,0
54856,0
54857,0
54858,2
54859,0
54860,0
54861,0
54862,2
54863,2
54864,2
54865,2
54866,2
54867,2
54868,0
54869,2
54870,0
54871,0
54872,2
54873,0
54874,0
54875,0
54876,2
54877,0
54878,2
54879,2
54880,0
54881,0
54882,0
54883,0
54884,0
54885,2
54886,2
54887,2
54888,2
54889,0
54890,2
54891,2
54892,2
54893,0
54894,2
54895,0
54896,2
54897,0
54898,0
54899,0
54900,2
54901,0
54902,2
54903,2
54904,2
54905,0
54906,0
54907,2
54908,0
54909,0
54910,0
54911,2
54912,2
54913,0
54914,0
54915,2
54916,2
54917,0
54918,2
54919,0
54920,0
54921,0
54922,0
54923,0
54924,2
54925,2
54926,0
54927,0
54928,0
54929,0
54930,2
54931,2
54932,0
54933,0
54934,0
54935,0
54936,2
54937,0
54938,0
54939,0
54940,0
54941,0
54942,2
54943,0
54944,0
54945,0
54946,0
54947,0
54948,0
54949,0
54950,0
54951,0
54952,2
54953,2
54954,2
54955,2
54956,2
54957,2
54958,2
54959,2
54960,2
54961,0
54962,0
54963,0
54964,0
54965,2
54966,0
54967,0
54968,0
54969,2
54970,0
54971,0
54972,2
54973,1
54974,0
54975,1
54976,1
54977,2
54978,2
54979,1
54980,2
54981,2
54982,2
54983,2
54984,0
54985,2
54986,2
54987,2
54988,2
54989,0
54990,0
54991,0
54992,0
54993,2
54994,1
54995,2
54996,1
54997,0
54998,1
54999,2
55000,2
55001,2
55002,2
55003,2
55004,2
55005,0
55006,2
55007,1
55008,1
55009,2
55010,0
55011,0
55012,1
55013,2
55014,1
55015,2
55016,2
55017,1
55018,0
55019,1
55020,0
55021,0
55022,2
55023,2
55024,2
55025,2
55026,2
55027,2
55028,2
55029,2
55030,0
55031,2
55032,1
55033,2
55034,0
55035,0
55036,1
55037,2
55038,0
55039,2
55040,2
55041,2
55042,0
55043,0
55044,2
55045,0
55046,2
55047,2
55048,2
55049,2
55050,2
55051,2
55052,2
55053,2
55054,1
55055,2
55056,2
55057,1
55058,0
55059,0
55060,0
55061,2
55062,2
55063,2
55064,0
55065,0
55066,2
55067,2
55068,2
55069,2
55070,0
55071,0
55072,0
55073,1
55074,0
55075,0
55076,0
55077,0
55078,0
55079,2
55080,0
55081,0
55082,0
55083,0
55084,0
55085,0
55086,0
55087,0
55088,0
55089,2
55090,2
55091,2
55092,2
55093,2
55094,2
55095,2
55096,2
55097,2
55098,0
55099,0
55100,0
55101,0
55102,2
55103,0
55104,0
55105,0
55106,2
55107,0
55108,0
55109,0
55110,0
55111,0
55112,0
55113,0
55114,2
55115,2
55116,0
55117,2
55118,2
55119,0
55120,2
55121,0
55122,2
55123,0
55124,2
55125,2
55126,0
55127,0
55128,0
55129,0
55130,0
55131,0
55132,2
55133,0
55134,0
55135,2
55136,2
55137,2
55138,2
55139,2
55140,2
55141,2
55142,0
55143,2
55144,0
55145,0
55146,2
55147,0
55148,0
55149,2
55150,2
55151,2
55152,2
55153,2
55154,0
55155,0
55156,2
55157,0
55158,0
55159,2
55160,2
55161,2
55162,2
55163,2
55164,2
55165,2
55166,2
55167,0
55168,2
55169,0
55170,2
55171,0
55172,0
55173,0
55174,0
55175,0
55176,2
55177,0
55178,2
55179,0
55180,0
55181,0
55182,0
55183,2
55184,2
55185,2
55186,2
55187,2
55188,0
55189,2
55190,0
55191,0
55192,0
55193,2
55194,0
55195,0
55196,0
55197,2
55198,2
55199,2
55200,2
55201,0
55202,0
55203,2
55204,2
55205,2
55206,0
55207,0
55208,0
55209,0
55210,0
55211,0
55212,0
55213,0
55214,0
55215,0
55216,0
55217,0
55218,0
55219,0
55220,0
55221,0
55222,0
55223,0
55224,0
55225,0
55226,2
55227,2
55228,2
55229,2
55230,2
55231,2
55232,2
55233,2
55234,2
55235,0
55236,0
55237,0
55238,0
55239,0
55240,0
55241,0
55242,0
55243,2
55244,0
55245,0
55246,2
55247,0
55248,0
55249,0
55250,0
55251,2
55252,2
55253,0
55254,2
55255,2
55256,0
55257,2
55258,0
55259,2
55260,0
55261,2
55262,2
55263,0
55264,0
55265,0
55266,0
55267,0
55268,0
55269,1
55270,0
55271,0
55272,0
55273,2
55274,2
55275,2
55276,2
55277,2
55278,2
55279,0
55280,2
55281,0
55282,0
55283,2
55284,0
55285,0
55286,0
55287,2
55288,0
55289,0
55290,0
55291,0
55292,0
55293,0
55294,0
55295,0
55296,2
55297,2
55298,2
55299,2
55300,2
55301,2
55302,2
55303,2
55304,0
55305,2
55306,0
55307,0
55308,0
55309,0
55310,0
55311,1
55312,0
55313,2
55314,2
55315,2
55316,0
55317,0
55318,1
55319,0
55320,2
55321,0
55322,2
55323,2
55324,2
55325,2
55326,2
55327,2
55328,0
55329,0
55330,0
55331,0
55332,0
55333,0
55334,0
55335,2
55336,2
55337,0
55338,0
55339,0
55340,2
55341,2
55342,2
55343,2
55344,0
55345,0
55346,0
55347,0
55348,0
55349,0
55350,0
55351,0
55352,0
55353,0
55354,0
55355,0
55356,0
55357,0
55358,0
55359,0
55360,0
55361,0
55362,0
55363,2
55364,2
55365,2
55366,2
55367,2
55368,2
55369,2
55370,2
55371,2
55372,0
55373,0
55374,0
55375,0
55376,2
55377,0
55378,0
55379,0
55380,2
55381,0
55382,0
55383,2
55384,0
55385,0
55386,0
55387,0
55388,2
55389,2
55390,0
55391,2
55392,2
55393,0
55394,2
55395,0
55396,2
55397,0
55398,2
55399,2
55400,0
55401,0
55402,0
55403,0
55404,0
55405,0
55406,1
55407,0
55408,0
55409,0
55410,2
55411,2
55412,2
55413,2
55414,2
55415,2
55416,0
55417,2
55418,1
55419,0
55420,2
55421,0
55422,0
55423,1
55424,0
55425,0
55426,0
55427,2
55428,0
55429,0
55430,0
55431,0
55432,0
55433,2
55434,2
55435,2
55436,2
55437,2
55438,2
55439,2
55440,2
55441,0
55442,2
55443,0
55444,0
55445,0
55446,0
55447,0
55448,1
55449,0
55450,2
55451,2
55452,2
55453,0
55454,0
55455,1
55456,0
55457,2
55458,2
55459,2
55460,2
55461,2
55462,2
55463,2
55464,2
55465,0
55466,0
55467,0
55468,0
55469,0
55470,0
55471,2
55472,2
55473,2
55474,0
55475,0
55476,0
55477,2
55478,2
55479,2
55480,0
55481,0
55482,0
55483,0
55484,0
55485,0
55486,0
55487,0
55488,0
55489,0
55490,2
55491,0
55492,0
55493,0
55494,0
55495,0
55496,0
55497,0
55498,0
55499,0
55500,2
55501,2
55502,2
55503,2
55504,2
55505,2
55506,2
55507,2
55508,2
55509,0
55510,0
55511,0
55512,0
55513,0
55514,0
55515,0
55516,0
55517,2
55518,0
55519,0
55520,2
55521,0
55522,0
55523,0
55524,0
55525,2
55526,2
55527,0
55528,2
55529,2
55530,2
55531,2
55532,0
55533,2
55534,2
55535,2
55536,2
55537,0
55538,0
55539,0
55540,0
55541,2
55542,0
55543,2
55544,0
55545,0
55546,2
55547,2
55548,2
55549,2
55550,2
55551,2
55552,2
55553,0
55554,2
55555,1
55556,0
55557,2
55558,0
55559,0
55560,1
55561,2
55562,0
55563,2
55564,2
55565,0
55566,0
55567,0
55568,0
55569,0
55570,2
55571,2
55572,2
55573,2
55574,2
55575,2
55576,2
55577,2
55578,0
55579,2
55580,0
55581,2
55582,0
55583,0
55584,0
55585,1
55586,0
55587,2
55588,2
55589,2
55590,0
55591,0
55592,1
55593,0
55594,2
55595,0
55596,2
55597,2
55598,2
55599,2
55600,2
55601,2
55602,0
55603,2
55604,2
55605,0
55606,0
55607,0
55608,2
55609,2
55610,2
55611,2
55612,0
55613,0
55614,2
55615,2
55616,2
55617,2
55618,0
55619,0
55620,0
55621,0
55622,0
55623,0
55624,0
55625,0
55626,0
55627,2
55628,0
55629,0
55630,0
55631,0
55632,0
55633,0
55634,0
55635,0
55636,0
55637,2
55638,2
55639,2
55640,2
55641,0
55642,2
55643,2
55644,2
55645,2
55646,0
55647,0
55648,0
55649,0
55650,0
55651,0
55652,0
55653,0
55654,2
55655,0
55656,0
55657,0
55658,2
55659,0
55660,0
55661,2
55662,0
55663,2
55664,0
55665,2
55666,2
55667,0
55668,2
55669,0
55670,2
55671,0
55672,2
55673,0
55674,0
55675,0
55676,0
55677,0
55678,2
55679,2
55680,2
55681,2
55682,0
55683,2
55684,2
55685,2
55686,2
55687,2
55688,2
55689,2
55690,0
55691,2
55692,2
55693,2
55694,2
55695,0
55696,0
55697,2
55698,2
55699,0
55700,2
55701,2
55702,0
55703,0
55704,0
55705,0
55706,0
55707,2
55708,2
55709,2
55710,2
55711,0
55712,2
55713,2
55714,2
55715,0
55716,2
55717,2
55718,2
55719,0
55720,0
55721,0
55722,2
55723,0
55724,0
55725,2
55726,2
55727,0
55728,0
55729,2
55730,0
55731,0
55732,0
55733,2
55734,2
55735,0
55736,0
55737,2
55738,0
55739,0
55740,2
55741,2
55742,0
55743,0
55744,0
55745,0
55746,2
55747,2
55748,2
55749,0
55750,0
55751,0
55752,2
55753,2
55754,2
55755,0
55756,0
55757,2
55758,2
55759,0
55760,0
55761,0
55762,0
55763,0
55764,0
55765,0
55766,0
55767,0
55768,0
55769,0
55770,0
55771,0
55772,0
55773,0
55774,2
55775,2
55776,2
55777,2
55778,2
55779,2
55780,2
55781,2
55782,2
55783,0
55784,0
55785,0
55786,0
55787,2
55788,0
55789,0
55790,0
55791,2
55792,0
55793,0
55794,2
55795,0
55796,0
55797,0
55798,0
55799,2
55800,2
55801,0
55802,2
55803,2
55804,0
55805,2
55806,0
55807,2
55808,2
55809,2
55810,2
55811,0
55812,0
55813,0
55814,0
55815,0
55816,0
55817,2
55818,0
55819,0
55820,0
55821,2
55822,2
55823,2
55824,2
55825,2
55826,2
55827,0
55828,2
55829,0
55830,0
55831,2
55832,0
55833,0
55834,0
55835,0
55836,0
55837,0
55838,0
55839,0
55840,0
55841,0
55842,0
55843,0
55844,2
55845,2
55846,2
55847,2
55848,2
55849,2
55850,2
55851,2
55852,0
55853,2
55854,0
55855,0
55856,0
55857,0
55858,0
55859,0
55860,0
55861,2
55862,2
55863,2
55864,0
55865,0
55866,2
55867,0
55868,2
55869,2
55870,2
55871,2
55872,2
55873,2
55874,2
55875,2
55876,0
55877,2
55878,0
55879,0
55880,0
55881,0
55882,2
55883,2
55884,2
55885,2
55886,0
55887,0
55888,2
55889,2
55890,2
55891,2
55892,0
55893,0
55894,0
55895,0
55896,0
55897,0
55898,0
55899,0
55900,0
55901,2
55902,0
55903,0
55904,0
55905,0
55906,0
55907,0
55908,0
55909,0
55910,0
55911,2
55912,2
55913,2
55914,2
55915,2
55916,2
55917,2
55918,2
55919,2
55920,0
55921,0
55922,0
55923,0
55924,2
55925,0
55926,0
55927,0
55928,2
55929,0
55930,0
55931,0
55932,0
55933,0
55934,0
55935,0
55936,2
55937,2
55938,0
55939,2
55940,2
55941,0
55942,2
55943,0
55944,2
55945,2
55946,2
55947,2
55948,0
55949,0
55950,0
55951,0
55952,0
55953,2
55954,2
55955,2
55956,0
55957,2
55958,2
55959,2
55960,2
55961,2
55962,2
55963,2
55964,0
55965,2
55966,0
55967,0
55968,2
55969,0
55970,0
55971,2
55972,2
55973,0
55974,2
55975,2
55976,0
55977,0
55978,0
55979,0
55980,0
55981,2
55982,2
55983,2
55984,2
55985,2
55986,2
55987,2
55988,2
55989,0
55990,2
55991,0
55992,2
55993,0
55994,0
55995,0
55996,2
55997,0
55998,2
55999,2
56000,2
56001,0
56002,0
56003,2
56004,0
56005,2
56006,0
56007,2
56008,2
56009,2
56010,2
56011,2
56012,2
56013,0
56014,2
56015,2
56016,0
56017,0
56018,0
56019,0
56020,2
56021,2
56022,2
56023,0
56024,0
56025,2
56026,2
56027,2
56028,2
56029,0
56030,2
56031,2
56032,2
56033,0
56034,0
56035,0
56036,0
56037,0
56038,2
56039,0
56040,0
56041,0
56042,0
56043,0
56044,0
56045,0
56046,0
56047,0
56048,2
56049,2
56050,2
56051,2
56052,2
56053,2
56054,2
56055,2
56056,2
56057,0
56058,0
56059,0
56060,0
56061,0
56062,0
56063,0
56064,0
56065,2
56066,0
56067,0
56068,2
56069,0
56070,0
56071,0
56072,0
56073,0
56074,2
56075,0
56076,2
56077,2
56078,0
56079,2
56080,0
56081,2
56082,0
56083,2
56084,2
56085,0
56086,0
56087,0
56088,0
56089,2
56090,2
56091,2
56092,2
56093,0
56094,2
56095,2
56096,2
56097,2
56098,2
56099,2
56100,2
56101,0
56102,2
56103,2
56104,0
56105,2
56106,0
56107,0
56108,2
56109,2
56110,0
56111,2
56112,2
56113,0
56114,0
56115,0
56116,0
56117,0
56118,2
56119,2
56120,2
56121,2
56122,2
56123,2
56124,2
56125,2
56126,0
56127,2
56128,0
56129,2
56130,0
56131,0
56132,0
56133,2
56134,0
56135,2
56136,2
56137,2
56138,0
56139,0
56140,2
56141,0
56142,2
56143,0
56144,2
56145,2
56146,2
56147,2
56148,2
56149,2
56150,0
56151,2
56152,2
56153,0
56154,0
56155,0
56156,0
56157,2
56158,2
56159,2
56160,0
56161,0
56162,2
56163,2
56164,2
56165,2
56166,0
56167,0
56168,0
56169,0
56170,0
56171,0
56172,0
56173,0
56174,0
56175,2
56176,0
56177,0
56178,0
56179,0
56180,0
56181,0
56182,0
56183,0
56184,0
56185,2
56186,2
56187,2
56188,2
56189,2
56190,2
56191,2
56192,2
56193,2
56194,0
56195,0
56196,0
56197,0
56198,0
56199,0
56200,0
56201,0
56202,2
56203,0
56204,0
56205,0
56206,0
56207,0
56208,0
56209,0
56210,0
56211,2
56212,0
56213,2
56214,2
56215,0
56216,2
56217,0
56218,2
56219,0
56220,2
56221,2
56222,0
56223,0
56224,0
56225,0
56226,0
56227,0
56228,2
56229,2
56230,0
56231,2
56232,2
56233,2
56234,2
56235,2
56236,2
56237,2
56238,0
56239,2
56240,0
56241,0
56242,2
56243,0
56244,0
56245,2
56246,2
56247,0
56248,2
56249,2
56250,0
56251,0
56252,2
56253,0
56254,0
56255,2
56256,2
56257,2
56258,2
56259,2
56260,2
56261,2
56262,2
56263,0
56264,2
56265,0
56266,2
56267,0
56268,0
56269,0
56270,2
56271,0
56272,2
56273,2
56274,2
56275,0
56276,0
56277,2
56278,0
56279,2
56280,0
56281,2
56282,2
56283,2
56284,2
56285,2
56286,2
56287,0
56288,2
56289,2
56290,0
56291,0
56292,0
56293,0
56294,2
56295,2
56296,2
56297,0
56298,0
56299,2
56300,2
56301,2
56302,2
56303,0
56304,2
56305,0
56306,0
56307,0
56308,0
56309,0
56310,0
56311,0
56312,0
56313,0
56314,0
56315,0
56316,0
56317,0
56318,0
56319,0
56320,0
56321,0
56322,2
56323,2
56324,2
56325,2
56326,2
56327,2
56328,2
56329,2
56330,2
56331,0
56332,0
56333,0
56334,0
56335,2
56336,0
56337,0
56338,0
56339,2
56340,0
56341,0
56342,2
56343,0
56344,0
56345,0
56346,0
56347,2
56348,2
56349,0
56350,2
56351,2
56352,0
56353,2
56354,0
56355,2
56356,0
56357,2
56358,2
56359,0
56360,0
56361,0
56362,0
56363,0
56364,0
56365,0
56366,0
56367,0
56368,0
56369,2
56370,2
56371,2
56372,2
56373,2
56374,2
56375,0
56376,2
56377,0
56378,0
56379,2
56380,0
56381,0
56382,0
56383,0
56384,0
56385,0
56386,0
56387,0
56388,0
56389,0
56390,0
56391,0
56392,2
56393,2
56394,2
56395,2
56396,2
56397,2
56398,2
56399,2
56400,0
56401,2
56402,0
56403,0
56404,0
56405,0
56406,0
56407,0
56408,0
56409,2
56410,2
56411,2
56412,0
56413,0
56414,2
56415,0
56416,2
56417,2
56418,2
56419,2
56420,2
56421,2
56422,2
56423,2
56424,0
56425,0
56426,0
56427,0
56428,0
56429,0
56430,2
56431,2
56432,2
56433,0
56434,0
56435,0
56436,2
56437,2
56438,2
56439,2
56440,0
56441,0
56442,0
56443,0
56444,0
56445,0
56446,0
56447,0
56448,0
56449,2
56450,0
56451,0
56452,0
56453,0
56454,0
56455,0
56456,0
56457,0
56458,0
56459,2
56460,2
56461,2
56462,2
56463,2
56464,2
56465,2
56466,2
56467,2
56468,0
56469,0
56470,0
56471,0
56472,2
56473,0
56474,0
56475,0
56476,2
56477,0
56478,0
56479,0
56480,1
56481,0
56482,1
56483,1
56484,2
56485,2
56486,0
56487,2
56488,2
56489,0
56490,2
56491,0
56492,2
56493,2
56494,2
56495,2
56496,0
56497,0
56498,0
56499,0
56500,0
56501,1
56502,1
56503,0
56504,0
56505,0
56506,2
56507,2
56508,2
56509,2
56510,2
56511,2
56512,0
56513,2
56514,1
56515,0
56516,2
56517,0
56518,0
56519,1
56520,2
56521,0
56522,0
56523,0
56524,0
56525,0
56526,0
56527,0
56528,0
56529,2
56530,2
56531,2
56532,2
56533,2
56534,2
56535,2
56536,2
56537,0
56538,2
56539,1
56540,0
56541,0
56542,0
56543,0
56544,1
56545,0
56546,2
56547,2
56548,2
56549,0
56550,0
56551,1
56552,0
56553,2
56554,2
56555,2
56556,2
56557,0
56558,2
56559,2
56560,2
56561,0
56562,0
56563,0
56564,1
56565,0
56566,0
56567,2
56568,2
56569,2
56570,0
56571,0
56572,0
56573,2
56574,0
56575,2
56576,0
56577,0
56578,0
56579,0
56580,0
56581,0
56582,0
56583,0
56584,0
56585,0
56586,0
56587,0
56588,0
56589,0
56590,0
56591,0
56592,0
56593,0
56594,0
56595,0
56596,2
56597,2
56598,2
56599,2
56600,2
56601,2
56602,2
56603,2
56604,2
56605,0
56606,0
56607,0
56608,0
56609,0
56610,0
56611,0
56612,0
56613,2
56614,0
56615,0
56616,2
56617,0
56618,0
56619,0
56620,0
56621,2
56622,2
56623,0
56624,2
56625,2
56626,0
56627,2
56628,0
56629,2
56630,0
56631,2
56632,2
56633,0
56634,0
56635,0
56636,0
56637,0
56638,0
56639,2
56640,0
56641,0
56642,2
56643,2
56644,2
56645,2
56646,2
56647,2
56648,2
56649,0
56650,2
56651,0
56652,0
56653,2
56654,0
56655,0
56656,0
56657,2
56658,0
56659,2
56660,2
56661,0
56662,0
56663,2
56664,0
56665,0
56666,2
56667,2
56668,2
56669,2
56670,2
56671,2
56672,2
56673,2
56674,0
56675,2
56676,0
56677,2
56678,0
56679,0
56680,0
56681,0
56682,0
56683,2
56684,2
56685,2
56686,0
56687,0
56688,2
56689,0
56690,2
56691,0
56692,2
56693,2
56694,0
56695,2
56696,2
56697,0
56698,0
56699,2
56700,2
56701,0
56702,0
56703,0
56704,0
56705,2
56706,2
56707,0
56708,0
56709,0
56710,2
56711,2
56712,2
56713,0
56714,0
56715,0
56716,0
56717,0
56718,0
56719,0
56720,0
56721,0
56722,0
56723,0
56724,0
56725,0
56726,0
56727,0
56728,0
56729,0
56730,0
56731,0
56732,0
56733,2
56734,2
56735,2
56736,2
56737,2
56738,2
56739,2
56740,2
56741,2
56742,0
56743,0
56744,0
56745,0
56746,0
56747,0
56748,0
56749,0
56750,2
56751,0
56752,0
56753,2
56754,0
56755,0
56756,0
56757,0
56758,2
56759,2
56760,0
56761,2
56762,2
56763,0
56764,2
56765,0
56766,2
56767,0
56768,2
56769,2
56770,0
56771,0
56772,0
56773,0
56774,0
56775,0
56776,2
56777,0
56778,0
56779,0
56780,2
56781,2
56782,2
56783,2
56784,2
56785,2
56786,0
56787,2
56788,0
56789,0
56790,2
56791,0
56792,0
56793,0
56794,2
56795,0
56796,0
56797,0
56798,0
56799,0
56800,0
56801,0
56802,0
56803,2
56804,2
56805,2
56806,2
56807,2
56808,2
56809,2
56810,2
56811,0
56812,2
56813,0
56814,0
56815,0
56816,0
56817,0
56818,0
56819,0
56820,2
56821,2
56822,2
56823,0
56824,0
56825,0
56826,0
56827,2
56828,0
56829,2
56830,2
56831,2
56832,0
56833,2
56834,2
56835,0
56836,0
56837,2
56838,0
56839,0
56840,0
56841,0
56842,2
56843,2
56844,2
56845,0
56846,0
56847,2
56848,2
56849,2
56850,2
56851,0
56852,0
56853,0
56854,0
56855,0
56856,0
56857,0
56858,0
56859,0
56860,2
56861,0
56862,0
56863,0
56864,0
56865,0
56866,0
56867,0
56868,0
56869,0
56870,2
56871,2
56872,2
56873,2
56874,2
56875,2
56876,2
56877,2
56878,2
56879,0
56880,0
56881,0
56882,0
56883,0
56884,0
56885,0
56886,0
56887,2
56888,0
56889,0
56890,2
56891,0
56892,0
56893,0
56894,0
56895,2
56896,2
56897,2
56898,2
56899,2
56900,0
56901,2
56902,0
56903,2
56904,2
56905,2
56906,2
56907,0
56908,0
56909,0
56910,0
56911,0
56912,0
56913,0
56914,0
56915,0
56916,0
56917,2
56918,2
56919,2
56920,2
56921,2
56922,2
56923,0
56924,2
56925,0
56926,0
56927,2
56928,0
56929,0
56930,0
56931,2
56932,0
56933,2
56934,2
56935,0
56936,0
56937,0
56938,0
56939,0
56940,2
56941,2
56942,2
56943,2
56944,2
56945,2
56946,2
56947,2
56948,0
56949,2
56950,0
56951,0
56952,0
56953,0
56954,0
56955,0
56956,0
56957,2
56958,2
56959,2
56960,0
56961,0
56962,0
56963,0
56964,2
56965,2
56966,2
56967,2
56968,2
56969,2
56970,2
56971,2
56972,0
56973,0
56974,0
56975,0
56976,0
56977,0
56978,0
56979,2
56980,2
56981,2
56982,0
56983,0
56984,2
56985,2
56986,2
56987,2
56988,0
56989,0
56990,0
56991,2
56992,0
56993,0
56994,0
56995,0
56996,0
56997,0
56998,0
56999,0
57000,0
57001,0
57002,0
57003,0
57004,0
57005,0
57006,0
57007,2
57008,2
57009,2
57010,2
57011,2
57012,2
57013,2
57014,2
57015,2
57016,0
57017,0
57018,0
57019,0
57020,0
57021,0
57022,0
57023,0
57024,2
57025,0
57026,0
57027,2
57028,0
57029,0
57030,0
57031,0
57032,2
57033,2
57034,0
57035,2
57036,2
57037,0
57038,2
57039,0
57040,2
57041,0
57042,2
57043,2
57044,0
57045,0
57046,0
57047,0
57048,0
57049,0
57050,2
57051,0
57052,0
57053,0
57054,2
57055,2
57056,2
57057,2
57058,2
57059,2
57060,0
57061,2
57062,0
57063,0
57064,2
57065,0
57066,0
57067,0
57068,0
57069,0
57070,0
57071,2
57072,0
57073,0
57074,0
57075,0
57076,0
57077,2
57078,2
57079,2
57080,2
57081,2
57082,2
57083,2
57084,2
57085,0
57086,2
57087,0
57088,0
57089,0
57090,0
57091,0
57092,0
57093,0
57094,2
57095,2
57096,2
57097,0
57098,0
57099,2
57100,0
57101,2
57102,0
57103,2
57104,2
57105,2
57106,2
57107,2
57108,0
57109,0
57110,0
57111,0
57112,0
57113,0
57114,0
57115,0
57116,2
57117,2
57118,2
57119,0
57120,0
57121,2
57122,2
57123,2
57124,2
57125,0
57126,0
57127,0
57128,0
57129,0
57130,0
57131,0
57132,0
57133,0
57134,2
57135,0
57136,0
57137,0
57138,0
57139,0
57140,0
57141,0
57142,0
57143,0
57144,2
57145,2
57146,2
57147,2
57148,2
57149,2
57150,2
57151,2
57152,2
57153,0
57154,0
57155,0
57156,0
57157,0
57158,0
57159,0
57160,0
57161,2
57162,0
57163,0
57164,2
57165,2
57166,0
57167,0
57168,2
57169,2
57170,2
57171,0
57172,2
57173,2
57174,0
57175,2
57176,0
57177,2
57178,2
57179,2
57180,2
57181,0
57182,0
57183,0
57184,0
57185,1
57186,0
57187,2
57188,0
57189,0
57190,0
57191,2
57192,2
57193,2
57194,2
57195,2
57196,2
57197,0
57198,2
57199,1
57200,0
57201,2
57202,0
57203,0
57204,1
57205,2
57206,0
57207,2
57208,2
57209,0
57210,0
57211,2
57212,0
57213,0
57214,2
57215,2
57216,2
57217,2
57218,2
57219,2
57220,2
57221,2
57222,0
57223,2
57224,0
57225,2
57226,0
57227,0
57228,0
57229,1
57230,0
57231,2
57232,2
57233,2
57234,0
57235,0
57236,1
57237,0
57238,2
57239,2
57240,2
57241,2
57242,2
57243,2
57244,2
57245,2
57246,0
57247,2
57248,2
57249,0
57250,0
57251,0
57252,0
57253,2
57254,2
57255,2
57256,0
57257,0
57258,2
57259,2
57260,2
57261,2
57262,0
57263,0
57264,0
57265,0
57266,0
57267,0
57268,0
57269,0
57270,0
57271,0
57272,0
57273,0
57274,0
57275,0
57276,0
57277,0
57278,0
57279,0
57280,0
57281,2
57282,2
57283,2
57284,2
57285,2
57286,2
57287,2
57288,2
57289,2
57290,0
57291,0
57292,0
57293,0
57294,0
57295,0
57296,0
57297,0
57298,2
57299,0
57300,0
57301,0
57302,0
57303,0
57304,0
57305,0
57306,2
57307,2
57308,0
57309,2
57310,2
57311,0
57312,2
57313,0
57314,2
57315,0
57316,2
57317,2
57318,0
57319,0
57320,0
57321,0
57322,0
57323,0
57324,2
57325,0
57326,0
57327,0
57328,2
57329,2
57330,2
57331,2
57332,2
57333,2
57334,0
57335,2
57336,0
57337,0
57338,2
57339,0
57340,0
57341,0
57342,2
57343,0
57344,0
57345,2
57346,0
57347,0
57348,0
57349,0
57350,0
57351,2
57352,2
57353,2
57354,2
57355,2
57356,2
57357,2
57358,2
57359,0
57360,2
57361,0
57362,0
57363,0
57364,0
57365,0
57366,0
57367,0
57368,2
57369,2
57370,2
57371,0
57372,0
57373,2
57374,0
57375,2
57376,0
57377,2
57378,2
57379,0
57380,2
57381,2
57382,2
57383,0
57384,0
57385,0
57386,0
57387,0
57388,0
57389,0
57390,2
57391,2
57392,0
57393,0
57394,0
57395,2
57396,2
57397,2
57398,2
57399,0
57400,0
57401,0
57402,0
57403,0
57404,0
57405,0
57406,0
57407,0
57408,0
57409,0
57410,0
57411,0
57412,0
57413,0
57414,0
57415,0
57416,0
57417,0
57418,2
57419,2
57420,2
57421,2
57422,2
57423,2
57424,2
57425,2
57426,2
57427,0
57428,0
57429,0
57430,0
57431,0
57432,0
57433,0
57434,0
57435,2
57436,0
57437,0
57438,2
57439,2
57440,0
57441,0
57442,0
57443,0
57444,2
57445,2
57446,2
57447,2
57448,0
57449,2
57450,0
57451,2
57452,0
57453,2
57454,2
57455,0
57456,0
57457,0
57458,0
57459,0
57460,0
57461,2
57462,0
57463,0
57464,0
57465,2
57466,2
57467,2
57468,2
57469,2
57470,2
57471,0
57472,2
57473,0
57474,0
57475,2
57476,0
57477,0
57478,2
57479,2
57480,0
57481,2
57482,2
57483,0
57484,0
57485,0
57486,0
57487,0
57488,2
57489,2
57490,2
57491,2
57492,2
57493,2
57494,2
57495,2
57496,0
57497,2
57498,0
57499,2
57500,0
57501,0
57502,0
57503,2
57504,0
57505,2
57506,0
57507,2
57508,0
57509,0
57510,2
57511,0
57512,2
57513,0
57514,2
57515,2
57516,0
57517,2
57518,2
57519,2
57520,0
57521,2
57522,0
57523,0
57524,0
57525,0
57526,0
57527,2
57528,2
57529,2
57530,0
57531,0
57532,2
57533,2
57534,2
57535,0
57536,0
57537,0
57538,0
57539,2
57540,0
57541,0
57542,0
57543,0
57544,0
57545,2
57546,0
57547,0
57548,0
57549,0
57550,0
57551,0
57552,0
57553,0
57554,0
57555,2
57556,2
57557,2
57558,2
57559,2
57560,2
57561,2
57562,2
57563,2
57564,0
57565,0
57566,0
57567,0
57568,0
57569,0
57570,0
57571,0
57572,2
57573,0
57574,0
57575,0
57576,0
57577,0
57578,0
57579,0
57580,0
57581,2
57582,0
57583,2
57584,2
57585,2
57586,2
57587,0
57588,2
57589,0
57590,2
57591,2
57592,0
57593,0
57594,0
57595,0
57596,1
57597,0
57598,2
57599,0
57600,0
57601,1
57602,2
57603,2
57604,2
57605,2
57606,2
57607,2
57608,0
57609,2
57610,1
57611,0
57612,2
57613,0
57614,0
57615,1
57616,2
57617,0
57618,2
57619,2
57620,0
57621,0
57622,2
57623,0
57624,0
57625,2
57626,2
57627,2
57628,2
57629,2
57630,2
57631,2
57632,2
57633,0
57634,2
57635,1
57636,2
57637,0
57638,0
57639,0
57640,2
57641,0
57642,2
57643,2
57644,2
57645,0
57646,0
57647,2
57648,0
57649,2
57650,0
57651,2
57652,2
57653,0
57654,2
57655,2
57656,0
57657,0
57658,2
57659,2
57660,0
57661,0
57662,0
57663,0
57664,2
57665,2
57666,0
57667,0
57668,0
57669,2
57670,2
57671,2
57672,2
57673,0
57674,0
57675,0
57676,0
57677,0
57678,0
57679,0
57680,0
57681,0
57682,0
57683,0
57684,0
57685,0
57686,0
57687,0
57688,0
57689,0
57690,0
57691,0
57692,2
57693,2
57694,2
57695,2
57696,2
57697,2
57698,2
57699,2
57700,2
57701,0
57702,0
57703,0
57704,0
57705,2
57706,0
57707,0
57708,0
57709,2
57710,0
57711,0
57712,2
57713,0
57714,0
57715,0
57716,0
57717,0
57718,2
57719,0
57720,2
57721,2
57722,2
57723,2
57724,0
57725,2
57726,2
57727,2
57728,2
57729,0
57730,0
57731,0
57732,0
57733,0
57734,0
57735,2
57736,0
57737,0
57738,0
57739,2
57740,2
57741,2
57742,2
57743,2
57744,2
57745,0
57746,2
57747,0
57748,0
57749,0
57750,0
57751,0
57752,0
57753,0
57754,0
57755,0
57756,2
57757,0
57758,0
57759,0
57760,0
57761,0
57762,2
57763,2
57764,2
57765,2
57766,2
57767,2
57768,2
57769,2
57770,0
57771,2
57772,0
57773,0
57774,0
57775,0
57776,0
57777,0
57778,0
57779,2
57780,2
57781,2
57782,0
57783,0
57784,0
57785,0
57786,2
57787,0
57788,2
57789,2
57790,2
57791,2
57792,2
57793,0
57794,0
57795,0
57796,2
57797,0
57798,0
57799,0
57800,2
57801,2
57802,2
57803,0
57804,0
57805,0
57806,0
57807,2
57808,2
57809,2
57810,0
57811,2
57812,0
57813,0
57814,0
57815,0
57816,0
57817,0
57818,0
57819,0
57820,0
57821,0
57822,0
57823,0
57824,0
57825,0
57826,0
57827,0
57828,0
57829,2
57830,2
57831,2
57832,2
57833,2
57834,2
57835,2
57836,2
57837,2
57838,0
57839,0
57840,0
57841,0
57842,0
57843,0
57844,0
57845,0
57846,2
57847,0
57848,0
57849,2
57850,0
57851,0
57852,0
57853,0
57854,2
57855,2
57856,0
57857,2
57858,2
57859,2
57860,2
57861,0
57862,2
57863,2
57864,0
57865,2
57866,0
57867,0
57868,0
57869,0
57870,1
57871,1
57872,2
57873,0
57874,0
57875,1
57876,2
57877,2
57878,2
57879,2
57880,2
57881,2
57882,0
57883,2
57884,1
57885,0
57886,2
57887,0
57888,0
57889,1
57890,2
57891,0
57892,2
57893,2
57894,0
57895,0
57896,0
57897,0
57898,0
57899,2
57900,2
57901,2
57902,2
57903,2
57904,2
57905,2
57906,2
57907,0
57908,2
57909,1
57910,2
57911,0
57912,0
57913,0
57914,1
57915,0
57916,2
57917,2
57918,2
57919,0
57920,0
57921,1
57922,0
57923,2
57924,1
57925,2
57926,2
57927,2
57928,2
57929,2
57930,2
57931,0
57932,2
57933,1
57934,0
57935,0
57936,0
57937,0
57938,2
57939,2
57940,2
57941,0
57942,0
57943,2
57944,2
57945,2
57946,2
57947,0
57948,0
57949,0
57950,0
57951,0
57952,0
57953,0
57954,0
57955,0
57956,2
57957,0
57958,0
57959,0
57960,0
57961,0
57962,0
57963,0
57964,0
57965,0
57966,2
57967,2
57968,2
57969,2
57970,2
57971,2
57972,2
57973,2
57974,2
57975,0
57976,0
57977,0
57978,0
57979,2
57980,0
57981,0
57982,0
57983,2
57984,0
57985,0
57986,2
57987,2
57988,0
57989,0
57990,2
57991,2
57992,2
57993,2
57994,2
57995,2
57996,2
57997,2
57998,0
57999,2
58000,2
58001,2
58002,2
58003,0
58004,0
58005,0
58006,0
58007,2
58008,2
58009,2
58010,0
58011,0
58012,2
58013,2
58014,2
58015,2
58016,2
58017,2
58018,2
58019,0
58020,2
58021,2
58022,0
58023,2
58024,0
58025,0
58026,2
58027,2
58028,0
58029,2
58030,2
58031,0
58032,0
58033,2
58034,0
58035,0
58036,2
58037,2
58038,2
58039,2
58040,2
58041,2
58042,2
58043,2
58044,0
58045,2
58046,0
58047,2
58048,0
58049,0
58050,0
58051,2
58052,0
58053,2
58054,2
58055,2
58056,0
58057,0
58058,2
58059,0
58060,2
58061,2
58062,2
58063,2
58064,2
58065,2
58066,2
58067,2
58068,2
58069,2
58070,2
58071,0
58072,0
58073,0
58074,2
58075,2
58076,2
58077,2
58078,0
58079,0
58080,2
58081,2
58082,2
58083,0
58084,0
58085,0
58086,0
58087,2
58088,0
58089,0
58090,0
58091,0
58092,0
58093,2
58094,0
58095,0
58096,0
58097,0
58098,0
58099,0
58100,0
58101,0
58102,0
58103,2
58104,2
58105,2
58106,2
58107,2
58108,2
58109,2
58110,2
58111,2
58112,0
58113,0
58114,0
58115,0
58116,0
58117,0
58118,0
58119,0
58120,2
58121,0
58122,0
58123,0
58124,1
58125,0
58126,1
58127,1
58128,2
58129,2
58130,0
58131,2
58132,2
58133,1
58134,2
58135,0
58136,2
58137,0
58138,2
58139,2
58140,0
58141,0
58142,0
58143,0
58144,1
58145,1
58146,2
58147,1
58148,0
58149,1
58150,2
58151,2
58152,2
58153,2
58154,2
58155,2
58156,0
58157,2
58158,1
58159,0
58160,2
58161,0
58162,0
58163,1
58164,2
58165,0
58166,0
58167,2
58168,0
58169,0
58170,1
58171,0
58172,0
58173,2
58174,2
58175,2
58176,2
58177,2
58178,2
58179,2
58180,2
58181,0
58182,2
58183,1
58184,0
58185,0
58186,0
58187,0
58188,1
58189,0
58190,2
58191,2
58192,2
58193,0
58194,0
58195,1
58196,0
58197,2
58198,1
58199,2
58200,2
58201,2
58202,2
58203,2
58204,2
58205,0
58206,2
58207,1
58208,1
58209,0
58210,0
58211,2
58212,2
58213,2
58214,2
58215,0
58216,0
58217,2
58218,2
58219,2
58220,2
58221,0
58222,0
58223,0
58224,0
58225,0
58226,0
58227,0
58228,0
58229,0
58230,2
58231,0
58232,0
58233,0
58234,0
58235,0
58236,0
58237,0
58238,0
58239,0
58240,2
58241,2
58242,2
58243,2
58244,2
58245,2
58246,2
58247,2
58248,2
58249,0
58250,0
58251,0
58252,0
58253,0
58254,0
58255,0
58256,0
58257,2
58258,0
58259,0
58260,2
58261,0
58262,0
58263,0
58264,0
58265,2
58266,2
58267,0
58268,2
58269,2
58270,0
58271,2
58272,0
58273,2
58274,2
58275,2
58276,2
58277,0
58278,0
58279,0
58280,0
58281,0
58282,0
58283,2
58284,0
58285,0
58286,0
58287,2
58288,2
58289,2
58290,2
58291,2
58292,2
58293,0
58294,2
58295,0
58296,0
58297,2
58298,0
58299,0
58300,0
58301,2
58302,0
58303,2
58304,2
58305,0
58306,0
58307,0
58308,0
58309,0
58310,2
58311,2
58312,2
58313,2
58314,2
58315,2
58316,2
58317,2
58318,0
58319,2
58320,0
58321,2
58322,0
58323,0
58324,0
58325,0
58326,0
58327,2
58328,2
58329,2
58330,0
58331,0
58332,2
58333,0
58334,2
58335,0
58336,2
58337,2
58338,2
58339,2
58340,2
58341,2
58342,0
58343,0
58344,2
58345,0
58346,0
58347,0
58348,0
58349,2
58350,2
58351,2
58352,0
58353,0
58354,2
58355,2
58356,2
58357,2
58358,0
58359,0
58360,0
58361,2
58362,0
58363,0
58364,0
58365,0
58366,0
58367,0
58368,0
58369,0
58370,0
58371,0
58372,0
58373,0
58374,0
58375,0
58376,0
58377,2
58378,2
58379,2
58380,2
58381,2
58382,2
58383,2
58384,2
58385,2
58386,0
58387,0
58388,0
58389,0
58390,0
58391,0
58392,0
58393,0
58394,2
58395,0
58396,0
58397,0
58398,0
58399,0
58400,0
58401,0
58402,0
58403,2
58404,0
58405,2
58406,2
58407,0
58408,2
58409,0
58410,2
58411,0
58412,2
58413,2
58414,0
58415,0
58416,0
58417,0
58418,0
58419,0
58420,2
58421,2
58422,0
58423,0
58424,2
58425,2
58426,2
58427,2
58428,2
58429,2
58430,0
58431,2
58432,0
58433,0
58434,2
58435,0
58436,0
58437,2
58438,2
58439,0
58440,2
58441,2
58442,0
58443,0
58444,0
58445,0
58446,0
58447,2
58448,2
58449,2
58450,2
58451,2
58452,2
58453,2
58454,2
58455,0
58456,2
58457,0
58458,0
58459,0
58460,0
58461,0
58462,2
58463,0
58464,2
58465,2
58466,2
58467,0
58468,0
58469,2
58470,0
58471,2
58472,0
58473,2
58474,2
58475,2
58476,0
58477,2
58478,0
58479,0
58480,2
58481,0
58482,0
58483,0
58484,0
58485,0
58486,2
58487,2
58488,0
58489,0
58490,0
58491,0
58492,2
58493,2
58494,2
58495,0
58496,0
58497,0
58498,0
58499,0
58500,0
58501,0
58502,0
58503,0
58504,0
58505,0
58506,0
58507,0
58508,0
58509,0
58510,0
58511,0
58512,0
58513,0
58514,2
58515,2
58516,2
58517,2
58518,2
58519,2
58520,2
58521,2
58522,2
58523,0
58524,0
58525,0
58526,0
58527,0
58528,0
58529,0
58530,0
58531,2
58532,0
58533,0
58534,2
58535,0
58536,0
58537,0
58538,0
58539,2
58540,2
58541,0
58542,2
58543,2
58544,0
58545,2
58546,0
58547,2
58548,0
58549,2
58550,2
58551,0
58552,0
58553,0
58554,0
58555,0
58556,0
58557,1
58558,0
58559,0
58560,0
58561,2
58562,2
58563,2
58564,2
58565,2
58566,2
58567,0
58568,2
58569,0
58570,0
58571,2
58572,0
58573,0
58574,1
58575,0
58576,0
58577,0
58578,2
58579,0
58580,0
58581,0
58582,0
58583,0
58584,2
58585,2
58586,2
58587,2
58588,2
58589,2
58590,2
58591,2
58592,0
58593,2
58594,0
58595,0
58596,0
58597,0
58598,0
58599,0
58600,0
58601,2
58602,2
58603,2
58604,0
58605,0
58606,0
58607,0
58608,2
58609,2
58610,2
58611,2
58612,2
58613,2
58614,2
58615,2
58616,0
58617,0
58618,0
58619,0
58620,0
58621,0
58622,0
58623,2
58624,2
58625,2
58626,0
58627,0
58628,2
58629,2
58630,2
58631,2
58632,0
58633,0
58634,0
58635,2
58636,0
58637,0
58638,0
58639,0
58640,0
58641,0
58642,0
58643,0
58644,0
58645,0
58646,0
58647,0
58648,0
58649,0
58650,0
58651,2
58652,2
58653,2
58654,2
58655,2
58656,2
58657,2
58658,2
58659,2
58660,0
58661,0
58662,0
58663,0
58664,0
58665,0
58666,0
58667,0
58668,2
58669,0
58670,0
58671,2
58672,0
58673,0
58674,0
58675,0
58676,2
58677,2
58678,0
58679,2
58680,2
58681,0
58682,2
58683,0
58684,2
58685,0
58686,2
58687,2
58688,0
58689,0
58690,0
58691,0
58692,0
58693,0
58694,1
58695,0
58696,0
58697,0
58698,2
58699,2
58700,2
58701,2
58702,2
58703,2
58704,0
58705,2
58706,0
58707,0
58708,2
58709,0
58710,0
58711,1
58712,0
58713,0
58714,0
58715,2
58716,0
58717,0
58718,0
58719,0
58720,0
58721,2
58722,2
58723,2
58724,2
58725,2
58726,2
58727,2
58728,2
58729,0
58730,2
58731,0
58732,0
58733,0
58734,0
58735,0
58736,0
58737,0
58738,2
58739,2
58740,2
58741,0
58742,0
58743,0
58744,0
58745,2
58746,2
58747,2
58748,2
58749,2
58750,2
58751,2
58752,2
58753,0
58754,0
58755,0
58756,0
58757,0
58758,0
58759,0
58760,2
58761,2
58762,2
58763,0
58764,0
58765,2
58766,2
58767,2
58768,2
58769,0
58770,0
58771,0
58772,2
58773,0
58774,0
58775,0
58776,0
58777,0
58778,0
58779,0
58780,0
58781,0
58782,0
58783,0
58784,0
58785,0
58786,0
58787,0
58788,2
58789,2
58790,2
58791,2
58792,2
58793,2
58794,2
58795,2
58796,2
58797,0
58798,0
58799,0
58800,0
58801,2
58802,0
58803,0
58804,0
58805,2
58806,0
58807,0
58808,2
58809,1
58810,0
58811,1
58812,1
58813,2
58814,2
58815,0
58816,2
58817,2
58818,0
58819,2
58820,0
58821,2
58822,2
58823,2
58824,2
58825,0
58826,0
58827,0
58828,0
58829,1
58830,1
58831,2
58832,0
58833,0
58834,2
58835,2
58836,2
58837,2
58838,2
58839,2
58840,2
58841,2
58842,2
58843,1
58844,0
58845,2
58846,0
58847,0
58848,1
58849,2
58850,0
58851,2
58852,2
58853,0
58854,0
58855,2
58856,0
58857,0
58858,2
58859,2
58860,2
58861,2
58862,2
58863,2
58864,2
58865,2
58866,0
58867,2
58868,1
58869,2
58870,0
58871,0
58872,0
58873,1
58874,0
58875,2
58876,2
58877,2
58878,0
58879,0
58880,2
58881,0
58882,2
58883,2
58884,2
58885,2
58886,2
58887,2
58888,2
58889,2
58890,0
58891,2
58892,2
58893,0
58894,0
58895,0
58896,0
58897,2
58898,2
58899,2
58900,0
58901,0
58902,2
58903,2
58904,2
58905,2
58906,0
58907,0
58908,0
58909,0
58910,0
58911,0
58912,0
58913,0
58914,0
58915,2
58916,0
58917,0
58918,0
58919,0
58920,0
58921,0
58922,0
58923,0
58924,0
58925,2
58926,2
58927,2
58928,2
58929,2
58930,2
58931,2
58932,2
58933,2
58934,0
58935,0
58936,0
58937,0
58938,2
58939,0
58940,0
58941,0
58942,2
58943,0
58944,0
58945,2
58946,1
58947,0
58948,1
58949,1
58950,2
58951,2
58952,0
58953,2
58954,2
58955,2
58956,2
58957,0
58958,2
58959,2
58960,2
58961,2
58962,0
58963,0
58964,0
58965,0
58966,1
58967,1
58968,2
58969,1
58970,0
58971,1
58972,2
58973,2
58974,2
58975,2
58976,2
58977,2
58978,0
58979,2
58980,1
58981,0
58982,2
58983,0
58984,0
58985,1
58986,2
58987,0
58988,2
58989,2
58990,1
58991,0
58992,2
58993,0
58994,0
58995,2
58996,2
58997,2
58998,2
58999,2
59000,2
59001,2
59002,2
59003,0
59004,2
59005,1
59006,2
59007,0
59008,0
59009,0
59010,1
59011,0
59012,2
59013,2
59014,2
59015,0
59016,0
59017,1
59018,0
59019,2
59020,1
59021,2
59022,2
59023,2
59024,2
59025,2
59026,2
59027,1
59028,2
59029,1
59030,1
59031,0
59032,0
59033,2
59034,2
59035,2
59036,0
59037,0
59038,0
59039,2
59040,2
59041,2
59042,2
59043,0
59044,0
59045,0
59046,0
59047,0
59048,0
59049,0
59050,0
59051,0
59052,0
59053,0
59054,0
59055,0
59056,0
59057,0
59058,0
59059,0
59060,0
59061,0
59062,2
59063,2
59064,2
59065,2
59066,2
59067,2
59068,2
59069,2
59070,2
59071,0
59072,0
59073,0
59074,0
59075,0
59076,0
59077,0
59078,0
59079,2
59080,0
59081,0
59082,2
59083,0
59084,0
59085,0
59086,0
59087,2
59088,2
59089,0
59090,2
59091,2
59092,0
59093,2
59094,0
59095,2
59096,0
59097,2
59098,2
59099,0
59100,0
59101,0
59102,0
59103,0
59104,0
59105,0
59106,0
59107,0
59108,0
59109,2
59110,2
59111,2
59112,2
59113,2
59114,2
59115,0
59116,2
59117,0
59118,0
59119,2
59120,0
59121,0
59122,0
59123,0
59124,0
59125,0
59126,0
59127,0
59128,0
59129,0
59130,0
59131,0
59132,2
59133,2
59134,2
59135,2
59136,2
59137,2
59138,2
59139,2
59140,0
59141,2
59142,0
59143,0
59144,0
59145,0
59146,0
59147,0
59148,0
59149,2
59150,2
59151,2
59152,0
59153,0
59154,0
59155,0
59156,2
59157,0
59158,2
59159,2
59160,2
59161,2
59162,2
59163,2
59164,0
59165,0
59166,0
59167,0
59168,0
59169,0
59170,2
59171,2
59172,2
59173,0
59174,0
59175,0
59176,2
59177,2
59178,2
59179,2
59180,0
59181,0
59182,0
59183,0
59184,0
59185,0
59186,0
59187,0
59188,0
59189,0
59190,0
59191,0
59192,0
59193,0
59194,0
59195,0
59196,0
59197,0
59198,0
59199,2
59200,2
59201,2
59202,2
59203,2
59204,2
59205,2
59206,2
59207,2
59208,0
59209,0
59210,0
59211,0
59212,2
59213,0
59214,0
59215,0
59216,2
59217,0
59218,0
59219,2
59220,0
59221,0
59222,0
59223,0
59224,2
59225,2
59226,0
59227,2
59228,2
59229,0
59230,2
59231,0
59232,2
59233,0
59234,2
59235,2
59236,0
59237,0
59238,0
59239,0
59240,0
59241,0
59242,0
59243,0
59244,0
59245,0
59246,2
59247,2
59248,2
59249,2
59250,2
59251,2
59252,0
59253,2
59254,0
59255,0
59256,2
59257,0
59258,0
59259,0
59260,2
59261,0
59262,0
59263,0
59264,0
59265,0
59266,0
59267,0
59268,0
59269,2
59270,2
59271,2
59272,2
59273,2
59274,2
59275,2
59276,2
59277,0
59278,2
59279,0
59280,0
59281,0
59282,0
59283,0
59284,0
59285,0
59286,2
59287,2
59288,2
59289,0
59290,0
59291,0
59292,0
59293,2
59294,2
59295,2
59296,2
59297,2
59298,2
59299,2
59300,2
59301,0
59302,0
59303,0
59304,0
59305,0
59306,0
59307,2
59308,2
59309,2
59310,0
59311,0
59312,0
59313,2
59314,2
59315,2
59316,2
59317,0
59318,0
59319,0
59320,0
59321,0
59322,0
59323,0
59324,0
59325,0
59326,0
59327,0
59328,0
59329,0
59330,0
59331,0
59332,0
59333,0
59334,0
59335,0
59336,2
59337,2
59338,2
59339,2
59340,2
59341,2
59342,2
59343,2
59344,2
59345,0
59346,0
59347,0
59348,0
59349,0
59350,0
59351,0
59352,0
59353,2
59354,0
59355,0
59356,2
59357,0
59358,0
59359,0
59360,0
59361,2
59362,2
59363,0
59364,2
59365,2
59366,0
59367,2
59368,0
59369,2
59370,0
59371,2
59372,2
59373,0
59374,0
59375,0
59376,0
59377,0
59378,0
59379,2
59380,0
59381,0
59382,0
59383,2
59384,2
59385,2
59386,2
59387,2
59388,2
59389,0
59390,2
59391,0
59392,0
59393,2
59394,0
59395,0
59396,0
59397,2
59398,0
59399,2
59400,2
59401,0
59402,0
59403,0
59404,0
59405,0
59406,2
59407,2
59408,2
59409,2
59410,2
59411,2
59412,2
59413,2
59414,0
59415,2
59416,0
59417,0
59418,0
59419,0
59420,0
59421,2
59422,0
59423,2
59424,2
59425,2
59426,0
59427,0
59428,2
59429,0
59430,2
59431,0
59432,2
59433,2
59434,2
59435,2
59436,2
59437,2
59438,0
59439,2
59440,2
59441,0
59442,0
59443,0
59444,2
59445,2
59446,2
59447,2
59448,0
59449,0
59450,2
59451,2
59452,2
59453,0
59454,0
59455,0
59456,0
59457,0
59458,0
59459,0
59460,0
59461,0
59462,0
59463,2
59464,0
59465,0
59466,0
59467,0
59468,0
59469,0
59470,0
59471,0
59472,0
59473,2
59474,2
59475,2
59476,2
59477,2
59478,2
59479,2
59480,2
59481,2
59482,0
59483,0
59484,0
59485,0
59486,2
59487,0
59488,0
59489,0
59490,2
59491,0
59492,0
59493,0
59494,1
59495,0
59496,1
59497,1
59498,2
59499,2
59500,0
59501,2
59502,2
59503,2
59504,2
59505,0
59506,2
59507,2
59508,2
59509,2
59510,0
59511,0
59512,0
59513,0
59514,1
59515,1
59516,2
59517,1
59518,0
59519,1
59520,2
59521,2
59522,2
59523,2
59524,2
59525,2
59526,0
59527,2
59528,1
59529,0
59530,2
59531,0
59532,0
59533,1
59534,2
59535,1
59536,2
59537,2
59538,0
59539,0
59540,1
59541,0
59542,0
59543,2
59544,2
59545,2
59546,2
59547,2
59548,2
59549,2
59550,2
59551,0
59552,2
59553,1
59554,0
59555,0
59556,0
59557,0
59558,1
59559,0
59560,2
59561,2
59562,2
59563,0
59564,0
59565,1
59566,0
59567,2
59568,2
59569,2
59570,2
59571,2
59572,2
59573,2
59574,2
59575,0
59576,2
59577,0
59578,1
59579,0
59580,0
59581,2
59582,2
59583,2
59584,2
59585,0
59586,0
59587,2
59588,2
59589,2
59590,2
59591,0
59592,0
59593,0
59594,0
59595,0
59596,0
59597,0
59598,0
59599,0
59600,2
59601,0
59602,0
59603,0
59604,0
59605,0
59606,0
59607,0
59608,0
59609,0
59610,2
59611,2
59612,2
59613,2
59614,2
59615,2
59616,2
59617,2
59618,2
59619,0
59620,0
59621,0
59622,0
59623,2
59624,0
59625,0
59626,0
59627,2
59628,0
59629,0
59630,2
59631,2
59632,0
59633,0
59634,0
59635,0
59636,2
59637,0
59638,2
59639,2
59640,2
59641,2
59642,0
59643,2
59644,0
59645,2
59646,2
59647,0
59648,0
59649,0
59650,0
59651,0
59652,0
59653,2
59654,2
59655,0
59656,2
59657,2
59658,2
59659,2
59660,2
59661,2
59662,2
59663,0
59664,2
59665,2
59666,0
59667,2
59668,0
59669,0
59670,2
59671,2
59672,2
59673,2
59674,2
59675,0
59676,0
59677,0
59678,0
59679,0
59680,2
59681,2
59682,2
59683,2
59684,2
59685,2
59686,2
59687,2
59688,0
59689,2
59690,1
59691,2
59692,0
59693,0
59694,0
59695,2
59696,0
59697,2
59698,2
59699,2
59700,0
59701,0
59702,2
59703,0
59704,2
59705,2
59706,2
59707,2
59708,2
59709,2
59710,2
59711,2
59712,0
59713,2
59714,2
59715,0
59716,0
59717,0
59718,2
59719,2
59720,2
59721,2
59722,0
59723,0
59724,2
59725,2
59726,2
59727,2
59728,0
59729,0
59730,2
59731,2
59732,0
59733,0
59734,0
59735,0
59736,0
59737,0
59738,0
59739,0
59740,0
59741,0
59742,0
59743,0
59744,0
59745,0
59746,0
59747,2
59748,2
59749,2
59750,2
59751,2
59752,2
59753,2
59754,2
59755,2
59756,0
59757,0
59758,0
59759,0
59760,2
59761,0
59762,0
59763,0
59764,2
59765,0
59766,0
59767,2
59768,0
59769,0
59770,0
59771,0
59772,2
59773,2
59774,0
59775,2
59776,2
59777,0
59778,2
59779,0
59780,2
59781,0
59782,2
59783,2
59784,0
59785,0
59786,0
59787,0
59788,0
59789,0
59790,2
59791,0
59792,0
59793,0
59794,2
59795,2
59796,2
59797,2
59798,2
59799,2
59800,0
59801,2
59802,0
59803,0
59804,2
59805,0
59806,0
59807,0
59808,0
59809,0
59810,0
59811,0
59812,0
59813,0
59814,0
59815,0
59816,0
59817,2
59818,2
59819,2
59820,2
59821,2
59822,2
59823,2
59824,2
59825,0
59826,2
59827,0
59828,0
59829,0
59830,0
59831,0
59832,0
59833,0
59834,2
59835,2
59836,2
59837,0
59838,0
59839,0
59840,0
59841,2
59842,2
59843,2
59844,2
59845,2
59846,2
59847,2
59848,2
59849,0
59850,0
59851,0
59852,0
59853,0
59854,0
59855,2
59856,2
59857,2
59858,0
59859,0
59860,0
59861,2
59862,2
59863,2
59864,2
59865,0
59866,0
59867,0
59868,0
59869,0
59870,0
59871,0
59872,0
59873,0
59874,0
59875,0
59876,0
59877,0
59878,0
59879,0
59880,0
59881,0
59882,0
59883,0
59884,2
59885,2
59886,2
59887,2
59888,2
59889,2
59890,2
59891,2
59892,2
59893,0
59894,0
59895,0
59896,0
59897,0
59898,0
59899,0
59900,0
59901,2
59902,0
59903,0
59904,2
59905,0
59906,0
59907,0
59908,0
59909,0
59910,2
59911,0
59912,2
59913,2
59914,0
59915,2
59916,0
59917,2
59918,0
59919,0
59920,2
59921,0
59922,0
59923,0
59924,0
59925,0
59926,0
59927,2
59928,0
59929,0
59930,0
59931,2
59932,2
59933,2
59934,2
59935,2
59936,2
59937,0
59938,2
59939,0
59940,0
59941,2
59942,0
59943,0
59944,2
59945,0
59946,0
59947,2
59948,2
59949,0
59950,0
59951,0
59952,0
59953,0
59954,2
59955,2
59956,2
59957,2
59958,2
59959,2
59960,2
59961,2
59962,0
59963,2
59964,0
59965,0
59966,0
59967,0
59968,0
59969,0
59970,0
59971,2
59972,0
59973,2
59974,0
59975,0
59976,0
59977,0
59978,2
59979,0
59980,2
59981,2
59982,0
59983,2
59984,2
59985,2
59986,0
59987,0
59988,0
59989,0
59990,0
59991,0
59992,0
59993,2
59994,2
59995,0
59996,0
59997,0
59998,2
59999,2
60000,2
60001,0
60002,0
60003,0
60004,0
60005,0
60006,0
60007,0
60008,0
60009,0
60010,0
60011,0
60012,0
60013,0
60014,0
60015,0
60016,0
60017,0
60018,0
60019,0
60020,0
60021,2
60022,2
60023,2
60024,2
60025,2
60026,2
60027,2
60028,2
60029,2
60030,0
60031,0
60032,0
60033,0
60034,0
60035,0
60036,0
60037,0
60038,2
60039,0
60040,0
60041,2
60042,0
60043,0
60044,0
60045,0
60046,2
60047,2
60048,0
60049,2
60050,2
60051,0
60052,2
60053,0
60054,2
60055,0
60056,2
60057,2
60058,0
60059,0
60060,0
60061,0
60062,0
60063,0
60064,2
60065,0
60066,0
60067,0
60068,2
60069,2
60070,2
60071,2
60072,2
60073,2
60074,0
60075,2
60076,0
60077,0
60078,2
60079,0
60080,0
60081,0
60082,2
60083,0
60084,0
60085,2
60086,0
60087,0
60088,0
60089,0
60090,0
60091,2
60092,2
60093,2
60094,2
60095,2
60096,2
60097,2
60098,2
60099,0
60100,2
60101,0
60102,2
60103,0
60104,0
60105,0
60106,0
60107,0
60108,2
60109,2
60110,2
60111,0
60112,0
60113,2
60114,0
60115,2
60116,0
60117,2
60118,2
60119,2
60120,2
60121,2
60122,0
60123,0
60124,2
60125,0
60126,0
60127,0
60128,0
60129,0
60130,2
60131,2
60132,0
60133,0
60134,0
60135,2
60136,2
60137,2
60138,2
60139,0
60140,0
60141,0
60142,0
60143,0
60144,0
60145,0
60146,0
60147,0
60148,0
60149,0
60150,0
60151,0
60152,0
60153,0
60154,0
60155,0
60156,0
60157,0
60158,2
60159,2
60160,2
60161,2
60162,2
60163,2
60164,2
60165,2
60166,2
60167,0
60168,0
60169,0
60170,0
60171,0
60172,0
60173,0
60174,0
60175,2
60176,0
60177,0
60178,2
60179,2
60180,0
60181,0
60182,0
60183,0
60184,2
60185,0
60186,2
60187,2
60188,0
60189,2
60190,0
60191,2
60192,0
60193,0
60194,2
60195,0
60196,0
60197,0
60198,0
60199,0
60200,0
60201,2
60202,2
60203,0
60204,0
60205,2
60206,2
60207,2
60208,2
60209,2
60210,2
60211,0
60212,2
60213,0
60214,0
60215,2
60216,0
60217,0
60218,2
60219,0
60220,0
60221,2
60222,2
60223,0
60224,0
60225,0
60226,0
60227,0
60228,2
60229,2
60230,2
60231,2
60232,2
60233,2
60234,2
60235,2
60236,0
60237,2
60238,0
60239,2
60240,0
60241,0
60242,0
60243,0
60244,0
60245,2
60246,2
60247,2
60248,0
60249,0
60250,0
60251,0
60252,2
60253,0
60254,2
60255,2
60256,2
60257,2
60258,2
60259,2
60260,0
60261,0
60262,2
60263,0
60264,0
60265,0
60266,0
60267,2
60268,2
60269,2
60270,0
60271,0
60272,2
60273,2
60274,2
60275,2
60276,0
60277,0
60278,0
60279,2
60280,0
60281,0
60282,0
60283,0
60284,0
60285,2
60286,0
60287,0
60288,0
60289,0
60290,0
60291,0
60292,0
60293,0
60294,0
60295,2
60296,2
60297,2
60298,2
60299,2
60300,2
60301,2
60302,2
60303,2
60304,0
60305,0
60306,0
60307,0
60308,0
60309,0
60310,0
60311,0
60312,2
60313,0
60314,0
60315,2
60316,0
60317,0
60318,0
60319,0
60320,2
60321,2
60322,0
60323,2
60324,2
60325,0
60326,2
60327,0
60328,2
60329,0
60330,2
60331,2
60332,0
60333,0
60334,0
60335,0
60336,0
60337,0
60338,0
60339,0
60340,0
60341,0
60342,2
60343,2
60344,2
60345,2
60346,2
60347,2
60348,0
60349,2
60350,0
60351,0
60352,2
60353,0
60354,0
60355,0
60356,2
60357,0
60358,2
60359,0
60360,0
60361,0
60362,0
60363,0
60364,0
60365,2
60366,2
60367,2
60368,2
60369,2
60370,2
60371,2
60372,2
60373,0
60374,2
60375,0
60376,0
60377,0
60378,0
60379,0
60380,0
60381,0
60382,2
60383,2
60384,2
60385,0
60386,0
60387,2
60388,0
60389,2
60390,2
60391,2
60392,2
60393,2
60394,2
60395,2
60396,2
60397,0
60398,0
60399,0
60400,0
60401,0
60402,0
60403,2
60404,2
60405,2
60406,0
60407,0
60408,0
60409,2
60410,2
60411,2
60412,2
60413,0
60414,0
60415,0
60416,0
60417,0
60418,0
60419,0
60420,0
60421,0
60422,0
60423,0
60424,0
60425,0
60426,0
60427,0
60428,0
60429,0
60430,0
60431,0
60432,2
60433,2
60434,2
60435,2
60436,2
60437,2
60438,2
60439,2
60440,2
60441,0
60442,0
60443,0
60444,0
60445,0
60446,0
60447,0
60448,0
60449,2
60450,0
60451,0
60452,0
60453,0
60454,0
60455,0
60456,0
60457,0
60458,2
60459,0
60460,2
60461,2
60462,0
60463,2
60464,0
60465,2
60466,0
60467,2
60468,2
60469,0
60470,0
60471,0
60472,0
60473,0
60474,0
60475,2
60476,0
60477,0
60478,0
60479,2
60480,2
60481,2
60482,2
60483,2
60484,2
60485,0
60486,2
60487,0
60488,0
60489,2
60490,0
60491,0
60492,1
60493,0
60494,0
60495,0
60496,2
60497,0
60498,0
60499,0
60500,0
60501,0
60502,2
60503,2
60504,2
60505,2
60506,2
60507,2
60508,2
60509,2
60510,0
60511,2
60512,0
60513,0
60514,0
60515,0
60516,0
60517,0
60518,0
60519,2
60520,2
60521,2
60522,0
60523,0
60524,0
60525,0
60526,2
60527,0
60528,2
60529,2
60530,0
60531,0
60532,2
60533,2
60534,0
60535,0
60536,0
60537,0
60538,0
60539,0
60540,0
60541,2
60542,2
60543,0
60544,0
60545,0
60546,2
60547,2
60548,2
60549,2
60550,0
60551,0
60552,0
60553,0
60554,0
60555,0
60556,0
60557,0
60558,0
60559,0
60560,0
60561,0
60562,0
60563,0
60564,0
60565,0
60566,0
60567,0
60568,0
60569,2
60570,2
60571,2
60572,2
60573,2
60574,2
60575,2
60576,2
60577,2
60578,0
60579,0
60580,0
60581,0
60582,0
60583,0
60584,0
60585,0
60586,2
60587,0
60588,0
60589,2
60590,1
60591,0
60592,1
60593,1
60594,2
60595,2
60596,0
60597,2
60598,2
60599,0
60600,2
60601,0
60602,2
60603,2
60604,2
60605,2
60606,0
60607,0
60608,0
60609,0
60610,1
60611,1
60612,1
60613,1
60614,0
60615,1
60616,2
60617,2
60618,2
60619,2
60620,2
60621,2
60622,0
60623,2
60624,1
60625,0
60626,2
60627,0
60628,0
60629,1
60630,1
60631,1
60632,1
60633,1
60634,0
60635,0
60636,0
60637,0
60638,0
60639,2
60640,2
60641,2
60642,2
60643,2
60644,2
60645,2
60646,2
60647,0
60648,2
60649,1
60650,1
60651,0
60652,0
60653,0
60654,1
60655,0
60656,2
60657,2
60658,2
60659,0
60660,0
60661,1
60662,0
60663,2
60664,2
60665,2
60666,2
60667,0
60668,2
60669,2
60670,2
60671,0
60672,0
60673,0
60674,0
60675,0
60676,0
60677,0
60678,2
60679,2
60680,0
60681,0
60682,0
60683,2
60684,2
60685,2
60686,2
60687,0
60688,0
60689,0
60690,0
60691,0
60692,0
60693,0
60694,0
60695,0
60696,0
60697,0
60698,0
60699,0
60700,0
60701,0
60702,0
60703,0
60704,0
60705,0
60706,2
60707,2
60708,2
60709,2
60710,2
60711,2
60712,2
60713,2
60714,2
60715,0
60716,0
60717,0
60718,0
60719,0
60720,0
60721,0
60722,0
60723,2
60724,0
60725,0
60726,2
60727,0
60728,0
60729,0
60730,0
60731,2
60732,2
60733,0
60734,2
60735,2
60736,0
60737,2
60738,0
60739,2
60740,0
60741,2
60742,2
60743,0
60744,0
60745,0
60746,0
60747,0
60748,0
60749,0
60750,0
60751,0
60752,0
60753,2
60754,2
60755,2
60756,2
60757,2
60758,2
60759,0
60760,2
60761,0
60762,0
60763,2
60764,0
60765,0
60766,0
60767,2
60768,0
60769,0
60770,2
60771,0
60772,0
60773,0
60774,0
60775,0
60776,2
60777,2
60778,2
60779,2
60780,2
60781,2
60782,2
60783,2
60784,0
60785,2
60786,0
60787,0
60788,0
60789,0
60790,0
60791,0
60792,0
60793,2
60794,2
60795,2
60796,0
60797,0
60798,2
60799,0
60800,2
60801,0
60802,2
60803,2
60804,2
60805,0
60806,2
60807,2
60808,0
60809,2
60810,0
60811,0
60812,0
60813,0
60814,2
60815,2
60816,2
60817,0
60818,0
60819,0
60820,2
60821,2
60822,2
60823,2
60824,0
60825,0
60826,0
60827,0
60828,0
60829,0
60830,0
60831,0
60832,0
60833,2
60834,0
60835,0
60836,0
60837,0
60838,0
60839,0
60840,0
60841,0
60842,0
60843,2
60844,2
60845,2
60846,2
60847,2
60848,2
60849,2
60850,2
60851,2
60852,0
60853,0
60854,0
60855,0
60856,2
60857,0
60858,0
60859,0
60860,2
60861,0
60862,0
60863,2
60864,1
60865,0
60866,1
60867,1
60868,2
60869,2
60870,0
60871,2
60872,2
60873,2
60874,2
60875,0
60876,2
60877,2
60878,2
60879,2
60880,0
60881,0
60882,0
60883,0
60884,1
60885,1
60886,2
60887,1
60888,0
60889,1
60890,2
60891,2
60892,2
60893,2
60894,2
60895,2
60896,0
60897,2
60898,1
60899,0
60900,2
60901,0
60902,0
60903,1
60904,2
60905,0
60906,2
60907,2
60908,1
60909,0
60910,2
60911,0
60912,0
60913,2
60914,2
60915,2
60916,2
60917,2
60918,2
60919,2
60920,2
60921,0
60922,2
60923,1
60924,2
60925,0
60926,0
60927,0
60928,1
60929,0
60930,2
60931,2
60932,2
60933,0
60934,0
60935,1
60936,0
60937,2
60938,1
60939,2
60940,2
60941,2
60942,2
60943,2
60944,2
60945,1
60946,2
60947,1
60948,1
60949,0
60950,0
60951,2
60952,2
60953,2
60954,0
60955,0
60956,0
60957,2
60958,2
60959,2
60960,2
60961,0
60962,0
60963,0
60964,0
60965,0
60966,0
60967,0
60968,0
60969,0
60970,0
60971,0
60972,0
60973,0
60974,0
60975,0
60976,0
60977,0
60978,0
60979,0
60980,2
60981,2
60982,2
60983,2
60984,2
60985,2
60986,2
60987,2
60988,2
60989,0
60990,0
60991,0
60992,0
60993,0
60994,0
60995,0
60996,0
60997,2
60998,0
60999,0
61000,2
61001,0
61002,0
61003,0
61004,0
61005,2
61006,2
61007,0
61008,2
61009,2
61010,0
61011,2
61012,0
61013,2
61014,2
61015,2
61016,2
61017,0
61018,0
61019,0
61020,0
61021,0
61022,0
61023,2
61024,0
61025,0
61026,0
61027,2
61028,2
61029,2
61030,2
61031,2
61032,2
61033,0
61034,2
61035,0
61036,0
61037,2
61038,0
61039,0
61040,0
61041,2
61042,0
61043,0
61044,2
61045,0
61046,0
61047,0
61048,0
61049,0
61050,2
61051,2
61052,2
61053,2
61054,2
61055,2
61056,2
61057,2
61058,0
61059,2
61060,0
61061,0
61062,0
61063,0
61064,0
61065,0
61066,0
61067,2
61068,2
61069,2
61070,0
61071,0
61072,1
61073,0
61074,2
61075,0
61076,2
61077,2
61078,2
61079,2
61080,2
61081,2
61082,0
61083,0
61084,2
61085,0
61086,0
61087,0
61088,0
61089,2
61090,2
61091,2
61092,0
61093,0
61094,2
61095,2
61096,2
61097,2
61098,0
61099,0
61100,0
61101,0
61102,0
61103,0
61104,0
61105,0
61106,0
61107,0
61108,0
61109,0
61110,0
61111,0
61112,0
61113,0
61114,0
61115,0
61116,0
61117,2
61118,2
61119,2
61120,2
61121,2
61122,2
61123,2
61124,2
61125,2
61126,0
61127,0
61128,0
61129,0
61130,2
61131,0
61132,0
61133,0
61134,2
61135,0
61136,0
61137,2
61138,0
61139,0
61140,0
61141,0
61142,2
61143,2
61144,0
61145,2
61146,2
61147,0
61148,2
61149,0
61150,2
61151,2
61152,2
61153,2
61154,0
61155,0
61156,0
61157,0
61158,0
61159,0
61160,0
61161,0
61162,0
61163,0
61164,2
61165,2
61166,2
61167,2
61168,2
61169,2
61170,0
61171,2
61172,0
61173,0
61174,2
61175,0
61176,0
61177,0
61178,2
61179,0
61180,0
61181,0
61182,0
61183,0
61184,0
61185,0
61186,0
61187,2
61188,2
61189,2
61190,2
61191,2
61192,2
61193,2
61194,2
61195,0
61196,2
61197,0
61198,0
61199,0
61200,0
61201,0
61202,0
61203,0
61204,2
61205,2
61206,2
61207,0
61208,0
61209,0
61210,0
61211,2
61212,2
61213,2
61214,2
61215,2
61216,2
61217,2
61218,2
61219,0
61220,0
61221,0
61222,0
61223,0
61224,0
61225,2
61226,2
61227,2
61228,0
61229,0
61230,0
61231,2
61232,2
61233,2
61234,2
61235,0
61236,0
61237,0
61238,0
61239,0
61240,0
61241,0
61242,0
61243,0
61244,0
61245,0
61246,0
61247,0
61248,0
61249,0
61250,0
61251,0
61252,0
61253,0
61254,2
61255,2
61256,2
61257,2
61258,2
61259,2
61260,2
61261,2
61262,2
61263,0
61264,0
61265,0
61266,0
61267,0
61268,0
61269,0
61270,0
61271,2
61272,0
61273,0
61274,0
61275,0
61276,0
61277,0
61278,0
61279,0
61280,2
61281,0
61282,2
61283,2
61284,0
61285,2
61286,0
61287,2
61288,0
61289,0
61290,2
61291,0
61292,0
61293,0
61294,0
61295,0
61296,0
61297,2
61298,0
61299,0
61300,0
61301,2
61302,2
61303,2
61304,2
61305,2
61306,2
61307,0
61308,2
61309,0
61310,0
61311,2
61312,0
61313,0
61314,2
61315,0
61316,0
61317,0
61318,0
61319,0
61320,0
61321,0
61322,0
61323,0
61324,2
61325,2
61326,2
61327,2
61328,2
61329,2
61330,2
61331,2
61332,0
61333,2
61334,0
61335,0
61336,0
61337,0
61338,0
61339,0
61340,0
61341,2
61342,2
61343,2
61344,0
61345,0
61346,0
61347,0
61348,2
61349,0
61350,2
61351,2
61352,0
61353,0
61354,2
61355,2
61356,0
61357,0
61358,0
61359,0
61360,0
61361,0
61362,0
61363,2
61364,2
61365,0
61366,0
61367,0
61368,2
61369,2
61370,2
61371,0
61372,0
61373,0
61374,0
61375,0
61376,0
61377,0
61378,0
61379,0
61380,0
61381,2
61382,0
61383,0
61384,0
61385,0
61386,0
61387,0
61388,0
61389,0
61390,0
61391,2
61392,2
61393,2
61394,2
61395,2
61396,2
61397,2
61398,2
61399,2
61400,0
61401,0
61402,0
61403,0
61404,2
61405,0
61406,0
61407,0
61408,2
61409,0
61410,0
61411,2
61412,1
61413,0
61414,1
61415,1
61416,2
61417,2
61418,0
61419,2
61420,2
61421,0
61422,2
61423,0
61424,2
61425,2
61426,2
61427,2
61428,0
61429,0
61430,0
61431,0
61432,1
61433,1
61434,1
61435,1
61436,0
61437,1
61438,2
61439,2
61440,2
61441,2
61442,2
61443,2
61444,0
61445,2
61446,1
61447,0
61448,2
61449,0
61450,0
61451,1
61452,2
61453,0
61454,2
61455,2
61456,0
61457,0
61458,1
61459,0
61460,0
61461,2
61462,2
61463,2
61464,2
61465,2
61466,2
61467,2
61468,2
61469,0
61470,2
61471,1
61472,2
61473,0
61474,0
61475,0
61476,1
61477,0
61478,2
61479,2
61480,2
61481,0
61482,0
61483,1
61484,0
61485,2
61486,1
61487,2
61488,2
61489,0
61490,2
61491,2
61492,2
61493,0
61494,2
61495,0
61496,1
61497,0
61498,0
61499,2
61500,2
61501,2
61502,0
61503,0
61504,0
61505,2
61506,2
61507,2
61508,2
61509,0
61510,0
61511,0
61512,0
61513,0
61514,0
61515,0
61516,0
61517,0
61518,0
61519,0
61520,0
61521,0
61522,0
61523,0
61524,0
61525,0
61526,0
61527,0
61528,2
61529,2
61530,2
61531,2
61532,2
61533,2
61534,2
61535,2
61536,2
61537,0
61538,0
61539,0
61540,0
61541,0
61542,0
61543,0
61544,0
61545,2
61546,0
61547,0
61548,2
61549,0
61550,0
61551,0
61552,0
61553,0
61554,2
61555,0
61556,2
61557,2
61558,2
61559,2
61560,0
61561,2
61562,0
61563,2
61564,2
61565,0
61566,0
61567,0
61568,0
61569,2
61570,0
61571,2
61572,2
61573,0
61574,2
61575,2
61576,2
61577,2
61578,2
61579,2
61580,2
61581,0
61582,2
61583,2
61584,0
61585,2
61586,0
61587,0
61588,2
61589,2
61590,0
61591,2
61592,2
61593,0
61594,0
61595,2
61596,0
61597,0
61598,2
61599,2
61600,2
61601,2
61602,2
61603,2
61604,2
61605,2
61606,0
61607,2
61608,1
61609,2
61610,0
61611,0
61612,0
61613,2
61614,0
61615,2
61616,2
61617,2
61618,0
61619,0
61620,2
61621,0
61622,2
61623,0
61624,2
61625,2
61626,2
61627,2
61628,2
61629,2
61630,0
61631,0
61632,2
61633,0
61634,0
61635,0
61636,2
61637,2
61638,2
61639,2
61640,0
61641,0
61642,2
61643,2
61644,2
61645,2
61646,0
61647,0
61648,0
61649,0
61650,0
61651,0
61652,0
61653,0
61654,0
61655,0
61656,0
61657,0
61658,0
61659,0
61660,0
61661,0
61662,0
61663,0
61664,0
61665,2
61666,2
61667,2
61668,2
61669,2
61670,2
61671,2
61672,2
61673,2
61674,0
61675,0
61676,0
61677,0
61678,0
61679,0
61680,0
61681,0
61682,2
61683,0
61684,0
61685,2
61686,1
61687,0
61688,1
61689,1
61690,2
61691,2
61692,0
61693,2
61694,2
61695,0
61696,2
61697,0
61698,2
61699,2
61700,2
61701,2
61702,0
61703,0
61704,0
61705,0
61706,1
61707,1
61708,1
61709,0
61710,0
61711,1
61712,2
61713,2
61714,2
61715,2
61716,2
61717,2
61718,0
61719,2
61720,1
61721,0
61722,2
61723,0
61724,0
61725,1
61726,1
61727,0
61728,1
61729,1
61730,0
61731,0
61732,0
61733,0
61734,0
61735,2
61736,2
61737,2
61738,2
61739,2
61740,2
61741,2
61742,2
61743,0
61744,2
61745,1
61746,1
61747,0
61748,0
61749,0
61750,1
61751,0
61752,2
61753,2
61754,2
61755,0
61756,0
61757,1
61758,0
61759,2
61760,1
61761,2
61762,2
61763,2
61764,2
61765,2
61766,2
61767,0
61768,0
61769,0
61770,1
61771,0
61772,0
61773,0
61774,2
61775,2
61776,0
61777,0
61778,0
61779,2
61780,2
61781,2
61782,0
61783,0
61784,0
61785,0
61786,0
61787,0
61788,0
61789,0
61790,0
61791,0
61792,2
61793,0
61794,0
61795,0
61796,0
61797,0
61798,0
61799,0
61800,0
61801,0
61802,2
61803,2
61804,2
61805,2
61806,2
61807,2
61808,2
61809,2
61810,2
61811,0
61812,0
61813,0
61814,0
61815,2
61816,0
61817,0
61818,0
61819,2
61820,0
61821,0
61822,0
61823,0
61824,0
61825,0
61826,0
61827,2
61828,2
61829,0
61830,2
61831,2
61832,0
61833,2
61834,0
61835,2
61836,0
61837,2
61838,2
61839,0
61840,0
61841,0
61842,0
61843,0
61844,0
61845,2
61846,0
61847,0
61848,2
61849,2
61850,2
61851,2
61852,2
61853,2
61854,2
61855,0
61856,2
61857,0
61858,0
61859,2
61860,0
61861,0
61862,2
61863,2
61864,2
61865,2
61866,2
61867,0
61868,0
61869,2
61870,0
61871,0
61872,2
61873,2
61874,2
61875,2
61876,2
61877,2
61878,2
61879,2
61880,0
61881,2
61882,0
61883,2
61884,0
61885,0
61886,0
61887,0
61888,0
61889,2
61890,0
61891,2
61892,0
61893,0
61894,0
61895,0
61896,2
61897,2
61898,2
61899,2
61900,2
61901,0
61902,2
61903,0
61904,0
61905,0
61906,2
61907,0
61908,0
61909,0
61910,2
61911,2
61912,2
61913,2
61914,0
61915,0
61916,2
61917,2
61918,2
61919,0
61920,0
61921,0
61922,0
61923,0
61924,0
61925,0
61926,0
61927,0
61928,0
61929,2
61930,0
61931,0
61932,0
61933,0
61934,0
61935,0
61936,0
61937,0
61938,0
61939,2
61940,2
61941,2
61942,2
61943,2
61944,2
61945,2
61946,2
61947,2
61948,0
61949,0
61950,0
61951,0
61952,0
61953,0
61954,0
61955,0
61956,2
61957,0
61958,0
61959,0
61960,0
61961,0
61962,0
61963,0
61964,0
61965,2
61966,0
61967,2
61968,2
61969,0
61970,2
61971,0
61972,2
61973,0
61974,2
61975,2
61976,0
61977,0
61978,0
61979,0
61980,0
61981,0
61982,2
61983,0
61984,0
61985,0
61986,2
61987,2
61988,2
61989,2
61990,2
61991,2
61992,0
61993,2
61994,0
61995,0
61996,2
61997,0
61998,0
61999,2
62000,2
62001,0
62002,2
62003,2
62004,0
62005,0
62006,0
62007,0
62008,0
62009,2
62010,2
62011,2
62012,2
62013,2
62014,2
62015,2
62016,2
62017,0
62018,2
62019,0
62020,2
62021,0
62022,0
62023,0
62024,2
62025,0
62026,2
62027,2
62028,2
62029,0
62030,0
62031,0
62032,0
62033,2
62034,0
62035,2
62036,2
62037,2
62038,0
62039,2
62040,2
62041,0
62042,0
62043,2
62044,0
62045,0
62046,0
62047,0
62048,2
62049,2
62050,2
62051,0
62052,0
62053,0
62054,2
62055,2
62056,2
62057,0
62058,0
62059,0
62060,0
62061,0
62062,0
62063,0
62064,0
62065,0
62066,2
62067,0
62068,0
62069,0
62070,0
62071,0
62072,0
62073,0
62074,0
62075,0
62076,2
62077,2
62078,2
62079,2
62080,2
62081,2
62082,2
62083,2
62084,2
62085,0
62086,0
62087,0
62088,0
62089,2
62090,0
62091,0
62092,0
62093,2
62094,0
62095,0
62096,2
62097,0
62098,0
62099,0
62100,0
62101,2
62102,2
62103,0
62104,2
62105,2
62106,0
62107,2
62108,0
62109,2
62110,0
62111,2
62112,2
62113,0
62114,0
62115,0
62116,0
62117,0
62118,0
62119,2
62120,0
62121,0
62122,0
62123,2
62124,2
62125,2
62126,2
62127,2
62128,2
62129,0
62130,2
62131,0
62132,0
62133,2
62134,0
62135,0
62136,0
62137,2
62138,0
62139,0
62140,2
62141,0
62142,0
62143,0
62144,0
62145,0
62146,2
62147,2
62148,2
62149,2
62150,2
62151,2
62152,2
62153,2
62154,0
62155,2
62156,0
62157,0
62158,0
62159,0
62160,0
62161,0
62162,0
62163,2
62164,2
62165,2
62166,0
62167,0
62168,2
62169,0
62170,2
62171,2
62172,2
62173,2
62174,2
62175,2
62176,2
62177,2
62178,0
62179,2
62180,0
62181,0
62182,0
62183,0
62184,2
62185,2
62186,2
62187,2
62188,0
62189,0
62190,2
62191,2
62192,2
62193,2
62194,0
62195,0
62196,0
62197,0
62198,0
62199,0
62200,0
62201,0
62202,0
62203,0
62204,0
62205,0
62206,0
62207,0
62208,0
62209,0
62210,0
62211,0
62212,0
62213,2
62214,2
62215,2
62216,2
62217,2
62218,2
62219,2
62220,2
62221,2
62222,0
62223,0
62224,0
62225,0
62226,2
62227,0
62228,0
62229,0
62230,2
62231,0
62232,0
62233,0
62234,2
62235,0
62236,0
62237,2
62238,2
62239,2
62240,0
62241,2
62242,2
62243,2
62244,2
62245,0
62246,2
62247,2
62248,2
62249,2
62250,0
62251,0
62252,0
62253,0
62254,0
62255,2
62256,2
62257,2
62258,0
62259,2
62260,2
62261,2
62262,2
62263,2
62264,2
62265,2
62266,0
62267,2
62268,2
62269,0
62270,2
62271,0
62272,0
62273,2
62274,2
62275,0
62276,2
62277,2
62278,0
62279,0
62280,2
62281,0
62282,0
62283,2
62284,2
62285,2
62286,2
62287,2
62288,2
62289,2
62290,2
62291,0
62292,2
62293,1
62294,2
62295,0
62296,0
62297,0
62298,2
62299,0
62300,2
62301,2
62302,2
62303,0
62304,0
62305,2
62306,0
62307,2
62308,0
62309,2
62310,2
62311,2
62312,2
62313,2
62314,2
62315,0
62316,0
62317,2
62318,0
62319,0
62320,0
62321,0
62322,2
62323,2
62324,2
62325,0
62326,0
62327,2
62328,2
62329,2
62330,2
62331,0
62332,0
62333,2
62334,2
62335,0
62336,0
62337,0
62338,0
62339,0
62340,2
62341,0
62342,0
62343,0
62344,0
62345,0
62346,0
62347,0
62348,0
62349,0
62350,2
62351,2
62352,2
62353,2
62354,2
62355,2
62356,2
62357,2
62358,2
62359,0
62360,0
62361,0
62362,0
62363,2
62364,0
62365,0
62366,0
62367,2
62368,0
62369,0
62370,2
62371,1
62372,0
62373,0
62374,1
62375,2
62376,2
62377,0
62378,2
62379,2
62380,2
62381,2
62382,0
62383,2
62384,0
62385,2
62386,2
62387,0
62388,0
62389,0
62390,0
62391,0
62392,0
62393,2
62394,0
62395,0
62396,0
62397,2
62398,2
62399,2
62400,2
62401,2
62402,2
62403,0
62404,2
62405,1
62406,0
62407,2
62408,0
62409,0
62410,1
62411,2
62412,0
62413,2
62414,2
62415,0
62416,0
62417,2
62418,0
62419,0
62420,2
62421,2
62422,2
62423,2
62424,2
62425,2
62426,2
62427,2
62428,0
62429,2
62430,1
62431,2
62432,0
62433,0
62434,0
62435,1
62436,0
62437,2
62438,2
62439,2
62440,0
62441,0
62442,1
62443,0
62444,2
62445,2
62446,2
62447,2
62448,0
62449,2
62450,2
62451,2
62452,0
62453,2
62454,2
62455,0
62456,0
62457,0
62458,2
62459,2
62460,2
62461,2
62462,0
62463,0
62464,2
62465,2
62466,2
62467,0
62468,0
62469,0
62470,0
62471,2
62472,0
62473,0
62474,0
62475,0
62476,0
62477,0
62478,0
62479,0
62480,0
62481,0
62482,0
62483,0
62484,0
62485,0
62486,0
62487,2
62488,2
62489,2
62490,2
62491,2
62492,2
62493,2
62494,2
62495,2
62496,0
62497,0
62498,0
62499,0
62500,0
62501,0
62502,0
62503,0
62504,2
62505,0
62506,0
62507,0
62508,0
62509,0
62510,0
62511,0
62512,2
62513,2
62514,0
62515,2
62516,2
62517,0
62518,2
62519,0
62520,2
62521,0
62522,2
62523,2
62524,0
62525,0
62526,0
62527,0
62528,0
62529,0
62530,2
62531,0
62532,0
62533,0
62534,2
62535,2
62536,2
62537,2
62538,2
62539,2
62540,0
62541,2
62542,1
62543,0
62544,2
62545,0
62546,0
62547,1
62548,1
62549,0
62550,0
62551,2
62552,0
62553,0
62554,0
62555,0
62556,0
62557,2
62558,2
62559,2
62560,2
62561,2
62562,2
62563,2
62564,2
62565,0
62566,2
62567,0
62568,0
62569,0
62570,0
62571,0
62572,1
62573,0
62574,2
62575,2
62576,2
62577,0
62578,0
62579,1
62580,0
62581,2
62582,0
62583,2
62584,2
62585,2
62586,2
62587,2
62588,2
62589,0
62590,0
62591,0
62592,0
62593,0
62594,0
62595,0
62596,2
62597,2
62598,0
62599,0
62600,0
62601,2
62602,2
62603,2
62604,2
62605,0
62606,0
62607,0
62608,0
62609,0
62610,0
62611,0
62612,0
62613,0
62614,0
62615,0
62616,0
62617,0
62618,0
62619,0
62620,0
62621,0
62622,0
62623,0
62624,2
62625,2
62626,2
62627,2
62628,2
62629,2
62630,2
62631,2
62632,2
62633,0
62634,0
62635,0
62636,0
62637,0
62638,0
62639,0
62640,0
62641,2
62642,0
62643,0
62644,2
62645,0
62646,0
62647,0
62648,0
62649,0
62650,2
62651,0
62652,2
62653,2
62654,0
62655,2
62656,0
62657,2
62658,0
62659,2
62660,2
62661,0
62662,0
62663,0
62664,0
62665,0
62666,0
62667,2
62668,0
62669,0
62670,0
62671,2
62672,2
62673,2
62674,2
62675,2
62676,2
62677,0
62678,2
62679,0
62680,0
62681,2
62682,0
62683,0
62684,0
62685,0
62686,0
62687,2
62688,2
62689,0
62690,0
62691,0
62692,0
62693,0
62694,2
62695,2
62696,2
62697,2
62698,2
62699,2
62700,2
62701,2
62702,0
62703,2
62704,0
62705,2
62706,0
62707,0
62708,0
62709,0
62710,0
62711,2
62712,2
62713,2
62714,0
62715,0
62716,2
62717,0
62718,2
62719,0
62720,2
62721,2
62722,0
62723,0
62724,2
62725,2
62726,0
62727,2
62728,0
62729,0
62730,0
62731,0
62732,0
62733,2
62734,2
62735,2
62736,0
62737,0
62738,0
62739,2
62740,2
62741,2
62742,0
62743,0
62744,0
62745,0
62746,0
62747,0
62748,0
62749,0
62750,0
62751,2
62752,0
62753,0
62754,0
62755,0
62756,0
62757,0
62758,0
62759,0
62760,0
62761,2
62762,2
62763,2
62764,2
62765,2
62766,2
62767,2
62768,2
62769,2
62770,0
62771,0
62772,0
62773,0
62774,2
62775,2
62776,0
62777,0
62778,2
62779,0
62780,0
62781,2
62782,2
62783,0
62784,1
62785,2
62786,2
62787,2
62788,2
62789,2
62790,2
62791,2
62792,2
62793,0
62794,2
62795,2
62796,2
62797,2
62798,0
62799,0
62800,0
62801,0
62802,2
62803,2
62804,2
62805,2
62806,0
62807,2
62808,2
62809,2
62810,2
62811,2
62812,2
62813,2
62814,2
62815,2
62816,2
62817,2
62818,2
62819,0
62820,0
62821,2
62822,2
62823,2
62824,2
62825,2
62826,2
62827,0
62828,2
62829,2
62830,0
62831,2
62832,2
62833,2
62834,2
62835,2
62836,2
62837,2
62838,2
62839,0
62840,2
62841,2
62842,2
62843,0
62844,0
62845,0
62846,2
62847,0
62848,2
62849,2
62850,2
62851,0
62852,0
62853,2
62854,0
62855,2
62856,2
62857,2
62858,2
62859,2
62860,2
62861,2
62862,2
62863,2
62864,2
62865,2
62866,2
62867,2
62868,0
62869,2
62870,2
62871,2
62872,2
62873,0
62874,0
62875,2
62876,2
62877,2
62878,2
62879,0
62880,2
62881,2
62882,2
62883,0
62884,0
62885,0
62886,0
62887,0
62888,2
62889,0
62890,0
62891,0
62892,0
62893,0
62894,0
62895,0
62896,0
62897,0
62898,2
62899,2
62900,2
62901,2
62902,2
62903,2
62904,2
62905,2
62906,2
62907,0
62908,0
62909,0
62910,0
62911,0
62912,0
62913,0
62914,0
62915,2
62916,0
62917,0
62918,2
62919,2
62920,0
62921,0
62922,0
62923,0
62924,2
62925,0
62926,2
62927,2
62928,0
62929,2
62930,0
62931,2
62932,0
62933,2
62934,2
62935,0
62936,0
62937,0
62938,0
62939,2
62940,2
62941,2
62942,2
62943,0
62944,2
62945,2
62946,2
62947,2
62948,2
62949,2
62950,2
62951,0
62952,2
62953,2
62954,0
62955,2
62956,0
62957,0
62958,2
62959,2
62960,0
62961,2
62962,2
62963,0
62964,0
62965,0
62966,0
62967,0
62968,2
62969,2
62970,2
62971,2
62972,2
62973,2
62974,2
62975,2
62976,0
62977,2
62978,0
62979,2
62980,0
62981,0
62982,0
62983,2
62984,0
62985,2
62986,2
62987,2
62988,0
62989,0
62990,2
62991,0
62992,2
62993,0
62994,2
62995,2
62996,0
62997,0
62998,2
62999,0
63000,0
63001,0
63002,2
63003,0
63004,0
63005,0
63006,0
63007,2
63008,2
63009,2
63010,0
63011,0
63012,0
63013,2
63014,0
63015,2
63016,0
63017,0
63018,0
63019,0
63020,0
63021,0
63022,0
63023,0
63024,0
63025,2
63026,0
63027,0
63028,0
63029,0
63030,0
63031,0
63032,0
63033,0
63034,0
63035,2
63036,2
63037,2
63038,2
63039,2
63040,2
63041,2
63042,2
63043,2
63044,0
63045,0
63046,0
63047,0
63048,0
63049,0
63050,0
63051,0
63052,2
63053,0
63054,0
63055,2
63056,2
63057,0
63058,1
63059,2
63060,0
63061,2
63062,2
63063,2
63064,2
63065,2
63066,2
63067,0
63068,2
63069,0
63070,2
63071,2
63072,0
63073,0
63074,0
63075,0
63076,2
63077,2
63078,2
63079,2
63080,0
63081,2
63082,2
63083,2
63084,2
63085,2
63086,2
63087,2
63088,0
63089,2
63090,2
63091,0
63092,2
63093,0
63094,0
63095,2
63096,2
63097,2
63098,2
63099,2
63100,0
63101,0
63102,2
63103,0
63104,0
63105,2
63106,2
63107,2
63108,2
63109,2
63110,2
63111,2
63112,2
63113,0
63114,2
63115,1
63116,2
63117,0
63118,0
63119,0
63120,2
63121,0
63122,2
63123,2
63124,2
63125,0
63126,0
63127,2
63128,0
63129,2
63130,0
63131,2
63132,2
63133,2
63134,2
63135,2
63136,2
63137,2
63138,2
63139,2
63140,0
63141,0
63142,0
63143,0
63144,2
63145,2
63146,2
63147,0
63148,0
63149,2
63150,2
63151,2
63152,2
63153,0
63154,0
63155,2
63156,2
63157,0
63158,0
63159,0
63160,0
63161,0
63162,0
63163,0
63164,0
63165,0
63166,0
63167,0
63168,0
63169,0
63170,0
63171,0
63172,2
63173,2
63174,2
63175,2
63176,2
63177,2
63178,2
63179,2
63180,2
63181,0
63182,0
63183,0
63184,0
63185,1
63186,0
63187,0
63188,0
63189,2
63190,0
63191,0
63192,2
63193,0
63194,0
63195,0
63196,0
63197,2
63198,2
63199,0
63200,2
63201,2
63202,2
63203,2
63204,0
63205,2
63206,2
63207,2
63208,2
63209,0
63210,0
63211,0
63212,0
63213,0
63214,0
63215,1
63216,0
63217,0
63218,0
63219,2
63220,2
63221,2
63222,2
63223,2
63224,2
63225,0
63226,2
63227,1
63228,0
63229,2
63230,0
63231,0
63232,1
63233,0
63234,0
63235,0
63236,2
63237,0
63238,0
63239,0
63240,0
63241,0
63242,2
63243,2
63244,2
63245,2
63246,2
63247,2
63248,2
63249,2
63250,0
63251,2
63252,0
63253,0
63254,0
63255,0
63256,0
63257,1
63258,0
63259,2
63260,2
63261,2
63262,0
63263,0
63264,1
63265,0
63266,2
63267,2
63268,2
63269,2
63270,0
63271,2
63272,2
63273,2
63274,0
63275,0
63276,0
63277,0
63278,0
63279,0
63280,2
63281,2
63282,2
63283,0
63284,0
63285,0
63286,2
63287,2
63288,2
63289,2
63290,0
63291,0
63292,0
63293,0
63294,0
63295,0
63296,0
63297,0
63298,0
63299,2
63300,0
63301,0
63302,0
63303,0
63304,0
63305,0
63306,0
63307,0
63308,0
63309,2
63310,2
63311,2
63312,2
63313,2
63314,2
63315,2
63316,2
63317,2
63318,0
63319,0
63320,0
63321,0
63322,2
63323,0
63324,0
63325,0
63326,2
63327,0
63328,0
63329,2
63330,0
63331,0
63332,0
63333,0
63334,2
63335,2
63336,0
63337,2
63338,2
63339,0
63340,2
63341,0
63342,2
63343,2
63344,2
63345,2
63346,0
63347,0
63348,0
63349,0
63350,0
63351,0
63352,2
63353,0
63354,0
63355,0
63356,2
63357,2
63358,2
63359,2
63360,2
63361,2
63362,0
63363,2
63364,0
63365,0
63366,2
63367,0
63368,0
63369,0
63370,2
63371,0
63372,0
63373,2
63374,0
63375,0
63376,0
63377,0
63378,0
63379,2
63380,2
63381,2
63382,2
63383,2
63384,2
63385,2
63386,2
63387,0
63388,2
63389,0
63390,0
63391,0
63392,0
63393,0
63394,0
63395,0
63396,2
63397,2
63398,2
63399,0
63400,0
63401,2
63402,0
63403,2
63404,0
63405,2
63406,2
63407,2
63408,2
63409,2
63410,2
63411,0
63412,2
63413,2
63414,0
63415,0
63416,0
63417,2
63418,2
63419,2
63420,2
63421,0
63422,0
63423,2
63424,2
63425,2
63426,2
63427,0
63428,0
63429,0
63430,2
63431,0
63432,0
63433,0
63434,0
63435,0
63436,0
63437,0
63438,0
63439,0
63440,0
63441,0
63442,0
63443,0
63444,0
63445,0
63446,2
63447,2
63448,2
63449,2
63450,2
63451,2
63452,2
63453,2
63454,2
63455,0
63456,0
63457,0
63458,0
63459,0
63460,0
63461,0
63462,0
63463,2
63464,0
63465,0
63466,0
63467,0
63468,0
63469,0
63470,0
63471,0
63472,2
63473,0
63474,2
63475,2
63476,0
63477,2
63478,0
63479,2
63480,0
63481,2
63482,2
63483,0
63484,0
63485,0
63486,0
63487,0
63488,0
63489,0
63490,0
63491,0
63492,0
63493,2
63494,2
63495,2
63496,2
63497,2
63498,2
63499,0
63500,2
63501,0
63502,0
63503,2
63504,0
63505,0
63506,0
63507,0
63508,0
63509,0
63510,2
63511,0
63512,0
63513,0
63514,0
63515,0
63516,2
63517,2
63518,2
63519,2
63520,2
63521,2
63522,2
63523,2
63524,0
63525,2
63526,0
63527,0
63528,0
63529,0
63530,0
63531,0
63532,0
63533,2
63534,0
63535,2
63536,0
63537,0
63538,0
63539,0
63540,0
63541,0
63542,2
63543,2
63544,0
63545,2
63546,2
63547,0
63548,0
63549,0
63550,0
63551,0
63552,0
63553,0
63554,0
63555,2
63556,0
63557,0
63558,0
63559,0
63560,0
63561,2
63562,2
63563,0
63564,0
63565,0
63566,0
63567,0
63568,0
63569,0
63570,0
63571,0
63572,0
63573,2
63574,0
63575,0
63576,0
63577,0
63578,0
63579,0
63580,0
63581,0
63582,0
63583,2
63584,2
63585,2
63586,2
63587,2
63588,2
63589,2
63590,2
63591,2
63592,0
63593,0
63594,0
63595,0
63596,0
63597,0
63598,0
63599,0
63600,2
63601,0
63602,0
63603,2
63604,1
63605,0
63606,1
63607,1
63608,2
63609,2
63610,0
63611,2
63612,2
63613,0
63614,2
63615,0
63616,2
63617,2
63618,2
63619,2
63620,0
63621,0
63622,0
63623,0
63624,1
63625,0
63626,2
63627,0
63628,0
63629,1
63630,2
63631,2
63632,2
63633,2
63634,2
63635,2
63636,0
63637,2
63638,1
63639,0
63640,2
63641,0
63642,0
63643,1
63644,2
63645,0
63646,2
63647,2
63648,0
63649,0
63650,0
63651,0
63652,0
63653,2
63654,2
63655,2
63656,2
63657,2
63658,2
63659,2
63660,2
63661,0
63662,2
63663,1
63664,2
63665,0
63666,0
63667,0
63668,1
63669,0
63670,2
63671,2
63672,2
63673,0
63674,0
63675,1
63676,0
63677,2
63678,2
63679,2
63680,2
63681,2
63682,2
63683,2
63684,2
63685,0
63686,2
63687,0
63688,0
63689,0
63690,0
63691,0
63692,2
63693,2
63694,0
63695,0
63696,0
63697,2
63698,2
63699,2
63700,2
63701,0
63702,0
63703,0
63704,0
63705,0
63706,0
63707,0
63708,0
63709,0
63710,2
63711,0
63712,0
63713,0
63714,0
63715,0
63716,0
63717,0
63718,0
63719,0
63720,2
63721,2
63722,2
63723,2
63724,2
63725,2
63726,2
63727,2
63728,2
63729,0
63730,0
63731,0
63732,0
63733,0
63734,0
63735,0
63736,0
63737,2
63738,0
63739,0
63740,2
63741,0
63742,0
63743,0
63744,0
63745,0
63746,2
63747,0
63748,2
63749,2
63750,0
63751,2
63752,0
63753,2
63754,0
63755,2
63756,2
63757,0
63758,0
63759,0
63760,0
63761,0
63762,2
63763,2
63764,2
63765,0
63766,2
63767,2
63768,2
63769,2
63770,2
63771,2
63772,2
63773,0
63774,2
63775,2
63776,0
63777,2
63778,0
63779,0
63780,2
63781,2
63782,0
63783,2
63784,2
63785,0
63786,0
63787,0
63788,0
63789,0
63790,2
63791,2
63792,2
63793,2
63794,2
63795,2
63796,2
63797,2
63798,0
63799,2
63800,0
63801,2
63802,0
63803,0
63804,0
63805,2
63806,0
63807,2
63808,2
63809,2
63810,0
63811,0
63812,2
63813,0
63814,0
63815,0
63816,2
63817,2
63818,0
63819,0
63820,2
63821,0
63822,0
63823,2
63824,2
63825,0
63826,0
63827,0
63828,0
63829,2
63830,2
63831,2
63832,0
63833,0
63834,0
63835,2
63836,2
63837,0
63838,0
63839,0
63840,0
63841,2
63842,0
63843,0
63844,0
63845,0
63846,0
63847,2
63848,0
63849,0
63850,0
63851,0
63852,0
63853,0
63854,0
63855,0
63856,0
63857,2
63858,2
63859,2
63860,2
63861,2
63862,2
63863,2
63864,2
63865,2
63866,0
63867,0
63868,0
63869,0
63870,2
63871,0
63872,0
63873,0
63874,2
63875,0
63876,0
63877,2
63878,2
63879,0
63880,0
63881,2
63882,2
63883,2
63884,0
63885,2
63886,2
63887,2
63888,2
63889,0
63890,2
63891,0
63892,2
63893,2
63894,0
63895,0
63896,0
63897,0
63898,0
63899,2
63900,2
63901,2
63902,0
63903,0
63904,2
63905,2
63906,2
63907,2
63908,2
63909,2
63910,0
63911,2
63912,2
63913,0
63914,2
63915,0
63916,0
63917,2
63918,2
63919,2
63920,2
63921,2
63922,0
63923,0
63924,0
63925,0
63926,0
63927,2
63928,2
63929,2
63930,2
63931,2
63932,2
63933,2
63934,2
63935,0
63936,2
63937,0
63938,2
63939,0
63940,0
63941,0
63942,2
63943,0
63944,2
63945,2
63946,2
63947,0
63948,0
63949,2
63950,0
63951,2
63952,0
63953,2
63954,2
63955,0
63956,0
63957,2
63958,2
63959,0
63960,2
63961,2
63962,0
63963,0
63964,0
63965,2
63966,2
63967,2
63968,2
63969,0
63970,0
63971,0
63972,2
63973,2
63974,2
63975,0
63976,0
63977,0
63978,0
63979,0
63980,0
63981,0
63982,0
63983,0
63984,0
63985,0
63986,0
63987,0
63988,0
63989,0
63990,0
63991,0
63992,0
63993,0
63994,2
63995,2
63996,2
63997,2
63998,2
63999,2
64000,2
64001,2
64002,2
64003,0
64004,0
64005,0
64006,0
64007,0
64008,0
64009,0
64010,0
64011,2
64012,0
64013,0
64014,0
64015,0
64016,0
64017,0
64018,0
64019,0
64020,2
64021,0
64022,2
64023,2
64024,2
64025,2
64026,0
64027,2
64028,0
64029,2
64030,2
64031,0
64032,0
64033,0
64034,0
64035,1
64036,0
64037,2
64038,0
64039,0
64040,1
64041,2
64042,2
64043,2
64044,2
64045,2
64046,2
64047,0
64048,2
64049,1
64050,0
64051,2
64052,0
64053,0
64054,1
64055,2
64056,0
64057,2
64058,2
64059,0
64060,0
64061,0
64062,0
64063,0
64064,2
64065,2
64066,2
64067,2
64068,2
64069,2
64070,2
64071,2
64072,0
64073,2
64074,0
64075,2
64076,0
64077,0
64078,0
64079,2
64080,0
64081,2
64082,2
64083,2
64084,0
64085,0
64086,2
64087,0
64088,2
64089,0
64090,2
64091,2
64092,0
64093,2
64094,2
64095,2
64096,0
64097,2
64098,0
64099,0
64100,0
64101,0
64102,0
64103,2
64104,2
64105,0
64106,0
64107,0
64108,2
64109,2
64110,2
64111,2
64112,0
64113,0
64114,0
64115,0
64116,0
64117,0
64118,0
64119,0
64120,0
64121,0
64122,0
64123,0
64124,0
64125,0
64126,0
64127,0
64128,0
64129,0
64130,0
64131,2
64132,2
64133,2
64134,2
64135,2
64136,2
64137,2
64138,2
64139,2
64140,0
64141,0
64142,0
64143,0
64144,0
64145,0
64146,0
64147,0
64148,2
64149,0
64150,0
64151,0
64152,0
64153,0
64154,0
64155,0
64156,0
64157,2
64158,2
64159,2
64160,2
64161,0
64162,2
64163,0
64164,2
64165,2
64166,2
64167,2
64168,0
64169,0
64170,0
64171,0
64172,0
64173,0
64174,2
64175,0
64176,0
64177,0
64178,2
64179,2
64180,2
64181,2
64182,2
64183,2
64184,0
64185,2
64186,0
64187,0
64188,2
64189,0
64190,0
64191,0
64192,2
64193,0
64194,0
64195,2
64196,0
64197,0
64198,0
64199,0
64200,0
64201,2
64202,2
64203,2
64204,2
64205,2
64206,2
64207,2
64208,2
64209,0
64210,2
64211,0
64212,2
64213,0
64214,0
64215,0
64216,2
64217,0
64218,2
64219,0
64220,2
64221,0
64222,0
64223,2
64224,0
64225,0
64226,0
64227,2
64228,2
64229,0
64230,2
64231,2
64232,0
64233,0
64234,0
64235,0
64236,0
64237,0
64238,0
64239,0
64240,2
64241,2
64242,0
64243,0
64244,0
64245,2
64246,2
64247,2
64248,0
64249,0
64250,0
64251,0
64252,2
64253,0
64254,0
64255,0
64256,0
64257,0
64258,0
64259,0
64260,0
64261,0
64262,0
64263,0
64264,0
64265,0
64266,0
64267,0
64268,2
64269,2
64270,2
64271,2
64272,2
64273,2
64274,2
64275,2
64276,2
64277,0
64278,0
64279,0
64280,0
64281,2
64282,0
64283,0
64284,0
64285,2
64286,0
64287,0
64288,0
64289,0
64290,0
64291,0
64292,0
64293,0
64294,0
64295,0
64296,2
64297,2
64298,0
64299,2
64300,0
64301,2
64302,0
64303,0
64304,0
64305,0
64306,0
64307,0
64308,0
64309,0
64310,0
64311,2
64312,0
64313,0
64314,0
64315,2
64316,2
64317,2
64318,2
64319,2
64320,2
64321,0
64322,2
64323,0
64324,0
64325,0
64326,0
64327,0
64328,0
64329,0
64330,0
64331,0
64332,0
64333,0
64334,0
64335,0
64336,0
64337,0
64338,2
64339,2
64340,2
64341,2
64342,1
64343,2
64344,2
64345,2
64346,0
64347,2
64348,0
64349,0
64350,0
64351,0
64352,0
64353,0
64354,0
64355,2
64356,2
64357,2
64358,0
64359,0
64360,0
64361,0
64362,2
64363,0
64364,2
64365,2
64366,2
64367,0
64368,2
64369,2
64370,0
64371,0
64372,0
64373,0
64374,0
64375,0
64376,0
64377,2
64378,2
64379,0
64380,0
64381,0
64382,0
64383,2
64384,0
64385,0
64386,0
64387,0
64388,0
64389,0
64390,0
64391,0
64392,0
64393,0
64394,0
64395,2
64396,0
64397,0
64398,0
64399,0
64400,0
64401,0
64402,0
64403,0
64404,0
64405,2
64406,2
64407,2
64408,2
64409,2
64410,2
64411,2
64412,2
64413,2
64414,0
64415,0
64416,0
64417,0
64418,2
64419,0
64420,0
64421,0
64422,2
64423,0
64424,0
64425,0
64426,1
64427,0
64428,1
64429,1
64430,2
64431,2
64432,0
64433,2
64434,2
64435,0
64436,2
64437,0
64438,2
64439,2
64440,2
64441,2
64442,0
64443,0
64444,0
64445,0
64446,1
64447,1
64448,1
64449,1
64450,0
64451,1
64452,2
64453,2
64454,2
64455,2
64456,2
64457,2
64458,0
64459,2
64460,1
64461,0
64462,2
64463,0
64464,0
64465,1
64466,2
64467,0
64468,2
64469,2
64470,0
64471,0
64472,0
64473,0
64474,0
64475,2
64476,2
64477,2
64478,2
64479,2
64480,2
64481,2
64482,2
64483,0
64484,2
64485,1
64486,0
64487,0
64488,0
64489,0
64490,1
64491,0
64492,2
64493,2
64494,2
64495,0
64496,0
64497,1
64498,0
64499,2
64500,2
64501,2
64502,2
64503,0
64504,2
64505,2
64506,2
64507,0
64508,0
64509,0
64510,1
64511,0
64512,0
64513,2
64514,2
64515,2
64516,0
64517,0
64518,0
64519,2
64520,2
64521,2
64522,2
64523,0
64524,0
64525,0
64526,0
64527,0
64528,0
64529,0
64530,0
64531,0
64532,2
64533,0
64534,0
64535,0
64536,0
64537,0
64538,0
64539,0
64540,0
64541,0
64542,2
64543,2
64544,2
64545,2
64546,2
64547,2
64548,2
64549,2
64550,2
64551,0
64552,0
64553,0
64554,0
64555,0
64556,0
64557,0
64558,0
64559,2
64560,0
64561,0
64562,2
64563,0
64564,0
64565,0
64566,0
64567,0
64568,2
64569,0
64570,2
64571,2
64572,0
64573,2
64574,0
64575,2
64576,0
64577,2
64578,2
64579,0
64580,0
64581,0
64582,0
64583,0
64584,0
64585,2
64586,0
64587,0
64588,0
64589,2
64590,2
64591,2
64592,2
64593,2
64594,2
64595,0
64596,2
64597,0
64598,0
64599,2
64600,0
64601,0
64602,0
64603,2
64604,0
64605,2
64606,2
64607,0
64608,0
64609,0
64610,0
64611,0
64612,2
64613,2
64614,2
64615,2
64616,2
64617,2
64618,2
64619,2
64620,0
64621,2
64622,0
64623,2
64624,0
64625,0
64626,0
64627,0
64628,0
64629,2
64630,2
64631,2
64632,0
64633,0
64634,2
64635,0
64636,2
64637,0
64638,2
64639,2
64640,0
64641,2
64642,2
64643,2
64644,0
64645,0
64646,2
64647,0
64648,0
64649,0
64650,0
64651,2
64652,2
64653,2
64654,0
64655,0
64656,2
64657,2
64658,2
64659,2
64660,0
64661,0
64662,0
64663,0
64664,0
64665,0
64666,0
64667,0
64668,0
64669,0
64670,0
64671,0
64672,0
64673,0
64674,0
64675,0
64676,0
64677,0
64678,0
64679,2
64680,2
64681,2
64682,2
64683,2
64684,2
64685,2
64686,2
64687,2
64688,0
64689,0
64690,0
64691,0
64692,0
64693,0
64694,0
64695,0
64696,2
64697,0
64698,0
64699,0
64700,0
64701,0
64702,0
64703,0
64704,0
64705,2
64706,0
64707,2
64708,2
64709,0
64710,2
64711,0
64712,2
64713,0
64714,2
64715,2
64716,0
64717,0
64718,0
64719,0
64720,0
64721,0
64722,2
64723,2
64724,0
64725,0
64726,2
64727,2
64728,2
64729,2
64730,2
64731,2
64732,0
64733,2
64734,0
64735,0
64736,2
64737,0
64738,0
64739,2
64740,2
64741,0
64742,2
64743,0
64744,0
64745,0
64746,0
64747,0
64748,0
64749,2
64750,2
64751,2
64752,2
64753,2
64754,2
64755,2
64756,2
64757,0
64758,2
64759,0
64760,2
64761,0
64762,0
64763,0
64764,0
64765,0
64766,2
64767,2
64768,2
64769,0
64770,0
64771,2
64772,0
64773,2
64774,0
64775,2
64776,2
64777,2
64778,2
64779,2
64780,0
64781,0
64782,0
64783,0
64784,0
64785,0
64786,0
64787,0
64788,2
64789,2
64790,0
64791,0
64792,0
64793,0
64794,2
64795,2
64796,2
64797,0
64798,0
64799,0
64800,0
64801,0
64802,0
64803,0
64804,0
64805,0
64806,2
64807,0
64808,0
64809,0
64810,0
64811,0
64812,0
64813,0
64814,0
64815,0
64816,2
64817,2
64818,2
64819,2
64820,2
64821,2
64822,2
64823,2
64824,2
64825,0
64826,0
64827,0
64828,0
64829,0
64830,0
64831,0
64832,0
64833,2
64834,0
64835,0
64836,0
64837,2
64838,0
64839,0
64840,0
64841,0
64842,2
64843,0
64844,2
64845,2
64846,2
64847,2
64848,0
64849,2
64850,2
64851,2
64852,2
64853,0
64854,0
64855,0
64856,0
64857,0
64858,2
64859,2
64860,2
64861,0
64862,2
64863,2
64864,2
64865,2
64866,2
64867,2
64868,2
64869,0
64870,2
64871,2
64872,0
64873,2
64874,0
64875,0
64876,2
64877,2
64878,0
64879,2
64880,2
64881,0
64882,0
64883,2
64884,0
64885,0
64886,2
64887,2
64888,2
64889,2
64890,2
64891,2
64892,2
64893,2
64894,0
64895,2
64896,0
64897,2
64898,0
64899,0
64900,0
64901,2
64902,0
64903,2
64904,2
64905,2
64906,0
64907,0
64908,2
64909,0
64910,2
64911,0
64912,2
64913,2
64914,0
64915,2
64916,2
64917,2
64918,0
64919,0
64920,2
64921,0
64922,0
64923,0
64924,2
64925,2
64926,2
64927,2
64928,0
64929,0
64930,2
64931,2
64932,2
64933,0
64934,0
64935,2
64936,0
64937,0
64938,0
64939,0
64940,0
64941,0
64942,0
64943,2
64944,0
64945,0
64946,0
64947,0
64948,0
64949,0
64950,0
64951,0
64952,0
64953,2
64954,2
64955,2
64956,2
64957,2
64958,2
64959,2
64960,2
64961,2
64962,0
64963,0
64964,0
64965,0
64966,0
64967,0
64968,0
64969,0
64970,2
64971,0
64972,0
64973,2
64974,2
64975,0
64976,0
64977,2
64978,2
64979,2
64980,0
64981,2
64982,2
64983,2
64984,2
64985,0
64986,2
64987,2
64988,2
64989,2
64990,0
64991,0
64992,0
64993,0
64994,0
64995,2
64996,2
64997,2
64998,0
64999,2
65000,2
65001,2
65002,2
65003,2
65004,2
65005,2
65006,0
65007,2
65008,0
65009,0
65010,2
65011,0
65012,0
65013,2
65014,2
65015,0
65016,2
65017,2
65018,0
65019,0
65020,2
65021,0
65022,0
65023,2
65024,2
65025,2
65026,2
65027,2
65028,2
65029,2
65030,2
65031,0
65032,2
65033,0
65034,2
65035,0
65036,0
65037,0
65038,1
65039,2
65040,2
65041,2
65042,2
65043,0
65044,0
65045,2
65046,0
65047,2
65048,2
65049,2
65050,2
65051,2
65052,2
65053,2
65054,2
65055,2
65056,2
65057,2
65058,2
65059,0
65060,0
65061,2
65062,2
65063,2
65064,2
65065,0
65066,0
65067,2
65068,2
65069,2
65070,2
65071,0
65072,2
65073,0
65074,2
65075,0
65076,0
65077,0
65078,0
65079,0
65080,2
65081,0
65082,0
65083,0
65084,0
65085,0
65086,0
65087,0
65088,0
65089,0
65090,2
65091,2
65092,2
65093,2
65094,2
65095,2
65096,2
65097,2
65098,2
65099,0
65100,0
65101,0
65102,0
65103,2
65104,0
65105,0
65106,0
65107,2
65108,0
65109,0
65110,2
65111,0
65112,0
65113,0
65114,0
65115,2
65116,2
65117,2
65118,2
65119,2
65120,2
65121,2
65122,0
65123,2
65124,0
65125,2
65126,2
65127,0
65128,0
65129,0
65130,0
65131,1
65132,0
65133,2
65134,2
65135,0
65136,2
65137,2
65138,2
65139,2
65140,2
65141,2
65142,2
65143,2
65144,2
65145,2
65146,0
65147,2
65148,0
65149,0
65150,2
65151,2
65152,0
65153,2
65154,2
65155,0
65156,0
65157,2
65158,0
65159,0
65160,2
65161,2
65162,2
65163,2
65164,2
65165,2
65166,2
65167,2
65168,0
65169,2
65170,0
65171,2
65172,0
65173,0
65174,0
65175,2
65176,0
65177,2
65178,2
65179,2
65180,0
65181,0
65182,2
65183,0
65184,2
65185,2
65186,2
65187,2
65188,2
65189,2
65190,2
65191,2
65192,0
65193,2
65194,2
65195,0
65196,0
65197,0
65198,0
65199,2
65200,2
65201,2
65202,0
65203,0
65204,2
65205,2
65206,2
65207,2
65208,0
65209,2
65210,0
65211,2
65212,0
65213,0
65214,0
65215,0
65216,0
65217,2
65218,0
65219,0
65220,0
65221,0
65222,0
65223,0
65224,0
65225,0
65226,0
65227,2
65228,2
65229,2
65230,2
65231,2
65232,2
65233,2
65234,2
65235,2
65236,0
65237,0
65238,0
65239,0
65240,0
65241,0
65242,0
65243,0
65244,2
65245,2
65246,0
65247,2
65248,2
65249,2
65250,0
65251,2
65252,0
65253,2
65254,2
65255,2
65256,2
65257,2
65258,2
65259,0
65260,2
65261,0
65262,2
65263,2
65264,0
65265,0
65266,2
65267,0
65268,2
65269,2
65270,2
65271,2
65272,0
65273,2
65274,2
65275,2
65276,2
65277,2
65278,2
65279,2
65280,2
65281,2
65282,2
65283,2
65284,2
65285,0
65286,0
65287,2
65288,2
65289,2
65290,2
65291,2
65292,0
65293,0
65294,2
65295,0
65296,0
65297,2
65298,2
65299,2
65300,2
65301,2
65302,2
65303,2
65304,2
65305,0
65306,2
65307,2
65308,2
65309,0
65310,0
65311,2
65312,2
65313,2
65314,2
65315,2
65316,2
65317,2
65318,0
65319,2
65320,0
65321,2
65322,0
65323,2
65324,2
65325,2
65326,1
65327,2
65328,2
65329,0
65330,0
65331,2
65332,0
65333,0
65334,0
65335,0
65336,2
65337,2
65338,2
65339,0
65340,0
65341,2
65342,2
65343,2
65344,2
65345,0
65346,0
65347,2
65348,2
65349,0
65350,0
65351,0
65352,0
65353,0
65354,0
65355,0
65356,0
65357,0
65358,0
65359,0
65360,0
65361,0
65362,0
65363,0
65364,2
65365,2
65366,2
65367,2
65368,2
65369,2
65370,2
65371,2
65372,2
65373,0
65374,0
65375,0
65376,0
65377,0
65378,0
65379,0
65380,0
65381,2
65382,0
65383,0
65384,2
65385,1
65386,0
65387,0
65388,0
65389,0
65390,2
65391,0
65392,2
65393,2
65394,0
65395,2
65396,0
65397,2
65398,0
65399,2
65400,2
65401,0
65402,0
65403,0
65404,0
65405,0
65406,0
65407,2
65408,2
65409,0
65410,0
65411,2
65412,2
65413,2
65414,2
65415,2
65416,2
65417,0
65418,2
65419,1
65420,0
65421,2
65422,0
65423,0
65424,2
65425,2
65426,0
65427,2
65428,2
65429,0
65430,0
65431,0
65432,0
65433,0
65434,2
65435,2
65436,2
65437,2
65438,2
65439,2
65440,2
65441,2
65442,0
65443,2
65444,1
65445,2
65446,0
65447,0
65448,0
65449,0
65450,0
65451,2
65452,2
65453,2
65454,0
65455,0
65456,2
65457,0
65458,2
65459,0
65460,2
65461,2
65462,2
65463,2
65464,2
65465,2
65466,0
65467,2
65468,2
65469,0
65470,0
65471,0
65472,0
65473,2
65474,2
65475,2
65476,0
65477,0
65478,0
65479,2
65480,2
65481,0
65482,0
65483,0
65484,0
65485,2
65486,0
65487,0
65488,0
65489,0
65490,0
65491,2
65492,0
65493,0
65494,0
65495,0
65496,0
65497,0
65498,0
65499,0
65500,0
65501,2
65502,2
65503,2
65504,2
65505,2
65506,2
65507,2
65508,2
65509,2
65510,0
65511,0
65512,0
65513,0
65514,2
65515,0
65516,0
65517,0
65518,2
65519,0
65520,0
65521,2
65522,1
65523,0
65524,1
65525,1
65526,0
65527,2
65528,0
65529,2
65530,2
65531,2
65532,2
65533,0
65534,2
65535,0
65536,2
65537,2
65538,0
65539,0
65540,0
65541,0
65542,1
65543,1
65544,2
65545,1
65546,0
65547,1
65548,2
65549,2
65550,2
65551,2
65552,2
65553,2
65554,0
65555,2
65556,1
65557,1
65558,2
65559,0
65560,0
65561,1
65562,2
65563,2
65564,2
65565,2
65566,1
65567,0
65568,2
65569,0
65570,0
65571,2
65572,2
65573,2
65574,2
65575,2
65576,2
65577,2
65578,2
65579,0
65580,2
65581,1
65582,2
65583,0
65584,0
65585,0
65586,2
65587,0
65588,2
65589,2
65590,2
65591,0
65592,0
65593,2
65594,0
65595,2
65596,2
65597,2
65598,2
65599,0
65600,0
65601,2
65602,2
65603,1
65604,2
65605,2
65606,1
65607,0
65608,0
65609,0
65610,2
65611,2
65612,2
65613,0
65614,0
65615,2
65616,2
65617,2
65618,2
65619,0
65620,0
65621,0
65622,0
65623,0
65624,0
65625,0
65626,0
65627,0
65628,0
65629,0
65630,0
65631,0
65632,0
65633,0
65634,0
65635,0
65636,0
65637,0
65638,2
65639,2
65640,2
65641,2
65642,2
65643,2
65644,2
65645,2
65646,2
65647,0
65648,0
65649,0
65650,0
65651,0
65652,0
65653,0
65654,0
65655,2
65656,0
65657,0
65658,2
65659,0
65660,0
65661,0
65662,0
65663,0
65664,2
65665,0
65666,2
65667,2
65668,0
65669,2
65670,0
65671,2
65672,2
65673,2
65674,2
65675,0
65676,0
65677,0
65678,0
65679,0
65680,0
65681,2
65682,2
65683,0
65684,0
65685,2
65686,2
65687,2
65688,2
65689,2
65690,2
65691,0
65692,2
65693,0
65694,0
65695,2
65696,0
65697,0
65698,0
65699,2
65700,0
65701,2
65702,2
65703,0
65704,0
65705,0
65706,0
65707,0
65708,2
65709,2
65710,2
65711,2
65712,2
65713,2
65714,2
65715,2
65716,0
65717,2
65718,0
65719,0
65720,0
65721,0
65722,0
65723,2
65724,0
65725,2
65726,2
65727,2
65728,0
65729,0
65730,2
65731,0
65732,2
65733,2
65734,2
65735,2
65736,0
65737,2
65738,2
65739,2
65740,0
65741,2
65742,0
65743,0
65744,0
65745,0
65746,0
65747,2
65748,2
65749,2
65750,0
65751,0
65752,2
65753,2
65754,2
65755,2
65756,0
65757,0
65758,0
65759,0
65760,0
65761,0
65762,0
65763,0
65764,0
65765,0
65766,0
65767,0
65768,0
65769,0
65770,0
65771,0
65772,0
65773,0
65774,0
65775,2
65776,2
65777,2
65778,2
65779,2
65780,2
65781,2
65782,2
65783,2
65784,0
65785,0
65786,0
65787,0
65788,2
65789,0
65790,0
65791,0
65792,2
65793,0
65794,0
65795,2
65796,0
65797,0
65798,0
65799,0
65800,2
65801,2
65802,0
65803,2
65804,2
65805,0
65806,2
65807,0
65808,2
65809,0
65810,2
65811,2
65812,0
65813,0
65814,0
65815,0
65816,0
65817,0
65818,0
65819,0
65820,0
65821,0
65822,2
65823,2
65824,2
65825,2
65826,2
65827,2
65828,0
65829,2
65830,0
65831,0
65832,2
65833,0
65834,0
65835,0
65836,0
65837,0
65838,0
65839,0
65840,0
65841,0
65842,0
65843,0
65844,0
65845,2
65846,2
65847,2
65848,2
65849,2
65850,2
65851,2
65852,2
65853,0
65854,2
65855,0
65856,0
65857,0
65858,0
65859,0
65860,0
65861,0
65862,2
65863,2
65864,2
65865,0
65866,0
65867,0
65868,0
65869,2
65870,0
65871,2
65872,2
65873,2
65874,2
65875,2
65876,2
65877,0
65878,0
65879,0
65880,0
65881,0
65882,0
65883,2
65884,2
65885,2
65886,0
65887,0
65888,0
65889,2
65890,2
65891,2
65892,2
65893,0
65894,0
65895,0
65896,0
65897,0
65898,0
65899,0
65900,0
65901,0
65902,0
65903,0
65904,0
65905,0
65906,0
65907,0
65908,0
65909,0
65910,0
65911,0
65912,2
65913,2
65914,2
65915,2
65916,2
65917,2
65918,2
65919,2
65920,2
65921,0
65922,0
65923,0
65924,0
65925,0
65926,0
65927,0
65928,0
65929,2
65930,0
65931,0
65932,2
65933,2
65934,0
65935,0
65936,0
65937,0
65938,2
65939,0
65940,2
65941,2
65942,0
65943,2
65944,0
65945,2
65946,0
65947,2
65948,2
65949,0
65950,0
65951,0
65952,0
65953,0
65954,2
65955,2
65956,2
65957,0
65958,2
65959,2
65960,2
65961,2
65962,2
65963,2
65964,2
65965,0
65966,2
65967,2
65968,0
65969,2
65970,0
65971,0
65972,2
65973,2
65974,0
65975,2
65976,2
65977,0
65978,0
65979,0
65980,0
65981,0
65982,2
65983,2
65984,2
65985,2
65986,2
65987,2
65988,2
65989,2
65990,0
65991,2
65992,0
65993,2
65994,0
65995,0
65996,0
65997,2
65998,0
65999,2
66000,2
66001,2
66002,0
66003,0
66004,2
66005,0
66006,0
66007,0
66008,2
66009,2
66010,0
66011,0
66012,2
66013,0
66014,0
66015,0
66016,2
66017,0
66018,0
66019,0
66020,0
66021,2
66022,2
66023,2
66024,0
66025,0
66026,2
66027,2
66028,2
66029,2
66030,0
66031,0
66032,0
66033,2
66034,0
66035,0
66036,0
66037,0
66038,0
66039,2
66040,1
66041,0
66042,0
66043,0
66044,0
66045,0
66046,0
66047,0
66048,0
66049,2
66050,2
66051,2
66052,2
66053,2
66054,2
66055,2
66056,2
66057,2
66058,0
66059,0
66060,0
66061,0
66062,2
66063,2
66064,0
66065,0
66066,2
66067,0
66068,0
66069,2
66070,2
66071,1
66072,1
66073,2
66074,2
66075,2
66076,2
66077,2
66078,2
66079,2
66080,2
66081,0
66082,2
66083,2
66084,2
66085,2
66086,0
66087,0
66088,0
66089,0
66090,0
66091,2
66092,2
66093,2
66094,1
66095,2
66096,2
66097,2
66098,2
66099,2
66100,2
66101,2
66102,1
66103,2
66104,2
66105,1
66106,2
66107,0
66108,0
66109,2
66110,2
66111,1
66112,2
66113,2
66114,1
66115,0
66116,1
66117,0
66118,0
66119,2
66120,2
66121,2
66122,2
66123,2
66124,2
66125,2
66126,2
66127,0
66128,2
66129,1
66130,2
66131,0
66132,0
66133,0
66134,2
66135,2
66136,2
66137,2
66138,2
66139,0
66140,0
66141,2
66142,0
66143,2
66144,2
66145,2
66146,2
66147,2
66148,2
66149,2
66150,2
66151,1
66152,2
66153,2
66154,1
66155,0
66156,2
66157,2
66158,2
66159,2
66160,2
66161,0
66162,0
66163,2
66164,2
66165,2
66166,0
66167,0
66168,2
66169,0
66170,0
66171,0
66172,0
66173,0
66174,0
66175,0
66176,0
66177,0
66178,0
66179,0
66180,0
66181,0
66182,0
66183,0
66184,0
66185,0
66186,2
66187,2
66188,2
66189,2
66190,2
66191,2
66192,2
66193,2
66194,2
66195,0
66196,0
66197,0
66198,0
66199,2
66200,0
66201,0
66202,0
66203,2
66204,0
66205,0
66206,2
66207,0
66208,0
66209,0
66210,0
66211,2
66212,2
66213,0
66214,2
66215,2
66216,0
66217,2
66218,0
66219,2
66220,2
66221,2
66222,2
66223,0
66224,0
66225,0
66226,0
66227,1
66228,1
66229,2
66230,1
66231,0
66232,1
66233,2
66234,2
66235,2
66236,2
66237,2
66238,2
66239,0
66240,2
66241,1
66242,0
66243,2
66244,0
66245,0
66246,1
66247,2
66248,0
66249,2
66250,2
66251,0
66252,0
66253,2
66254,0
66255,0
66256,2
66257,2
66258,2
66259,2
66260,2
66261,2
66262,2
66263,2
66264,0
66265,2
66266,0
66267,2
66268,0
66269,0
66270,0
66271,1
66272,0
66273,2
66274,2
66275,2
66276,0
66277,0
66278,2
66279,0
66280,2
66281,0
66282,2
66283,2
66284,2
66285,2
66286,2
66287,2
66288,0
66289,2
66290,2
66291,0
66292,0
66293,0
66294,0
66295,2
66296,2
66297,2
66298,0
66299,0
66300,2
66301,2
66302,2
66303,2
66304,0
66305,0
66306,0
66307,0
66308,0
66309,0
66310,0
66311,0
66312,0
66313,2
66314,0
66315,0
66316,0
66317,0
66318,0
66319,0
66320,0
66321,0
66322,0
66323,2
66324,2
66325,2
66326,2
66327,2
66328,2
66329,2
66330,2
66331,2
66332,0
66333,0
66334,0
66335,0
66336,2
66337,0
66338,0
66339,0
66340,2
66341,0
66342,0
66343,0
66344,0
66345,0
66346,0
66347,0
66348,2
66349,2
66350,0
66351,2
66352,2
66353,0
66354,2
66355,0
66356,2
66357,2
66358,2
66359,2
66360,0
66361,0
66362,0
66363,0
66364,0
66365,0
66366,2
66367,2
66368,0
66369,0
66370,2
66371,2
66372,2
66373,2
66374,2
66375,2
66376,0
66377,2
66378,0
66379,0
66380,2
66381,0
66382,0
66383,0
66384,2
66385,0
66386,0
66387,2
66388,0
66389,0
66390,0
66391,0
66392,0
66393,2
66394,2
66395,2
66396,2
66397,2
66398,2
66399,2
66400,2
66401,0
66402,2
66403,1
66404,0
66405,0
66406,0
66407,0
66408,2
66409,0
66410,2
66411,2
66412,2
66413,0
66414,0
66415,2
66416,0
66417,2
66418,1
66419,2
66420,2
66421,2
66422,2
66423,2
66424,2
66425,0
66426,2
66427,2
66428,0
66429,0
66430,0
66431,2
66432,2
66433,2
66434,2
66435,0
66436,0
66437,2
66438,2
66439,2
66440,2
66441,0
66442,0
66443,0
66444,0
66445,0
66446,0
66447,0
66448,0
66449,0
66450,2
66451,0
66452,0
66453,0
66454,0
66455,0
66456,0
66457,0
66458,0
66459,0
66460,2
66461,2
66462,2
66463,2
66464,2
66465,2
66466,2
66467,2
66468,2
66469,0
66470,0
66471,0
66472,0
66473,2
66474,0
66475,0
66476,0
66477,2
66478,0
66479,0
66480,0
66481,2
66482,0
66483,0
66484,0
66485,2
66486,2
66487,2
66488,2
66489,2
66490,2
66491,2
66492,0
66493,2
66494,2
66495,0
66496,2
66497,0
66498,0
66499,0
66500,0
66501,0
66502,2
66503,2
66504,2
66505,0
66506,2
66507,2
66508,2
66509,2
66510,2
66511,2
66512,2
66513,0
66514,2
66515,2
66516,0
66517,2
66518,0
66519,0
66520,2
66521,2
66522,2
66523,2
66524,2
66525,0
66526,0
66527,0
66528,0
66529,0
66530,2
66531,2
66532,2
66533,2
66534,2
66535,2
66536,2
66537,2
66538,0
66539,2
66540,0
66541,2
66542,0
66543,0
66544,0
66545,2
66546,0
66547,2
66548,2
66549,2
66550,0
66551,0
66552,2
66553,0
66554,2
66555,2
66556,2
66557,2
66558,0
66559,2
66560,2
66561,2
66562,0
66563,2
66564,2
66565,0
66566,0
66567,0
66568,2
66569,2
66570,0
66571,2
66572,0
66573,0
66574,2
66575,2
66576,2
66577,0
66578,0
66579,2
66580,0
66581,0
66582,0
66583,0
66584,0
66585,0
66586,0
66587,0
66588,0
66589,0
66590,0
66591,0
66592,0
66593,0
66594,0
66595,0
66596,0
66597,2
66598,2
66599,2
66600,2
66601,2
66602,2
66603,2
66604,2
66605,2
66606,0
66607,0
66608,0
66609,0
66610,0
66611,0
66612,0
66613,0
66614,2
66615,0
66616,0
66617,2
66618,0
66619,0
66620,0
66621,0
66622,0
66623,2
66624,2
66625,2
66626,2
66627,0
66628,2
66629,0
66630,2
66631,0
66632,2
66633,2
66634,0
66635,0
66636,0
66637,0
66638,0
66639,0
66640,2
66641,0
66642,0
66643,0
66644,2
66645,2
66646,2
66647,2
66648,2
66649,2
66650,0
66651,2
66652,0
66653,0
66654,2
66655,0
66656,0
66657,1
66658,2
66659,0
66660,2
66661,2
66662,0
66663,0
66664,0
66665,0
66666,0
66667,2
66668,2
66669,2
66670,2
66671,2
66672,2
66673,2
66674,2
66675,0
66676,2
66677,0
66678,2
66679,0
66680,0
66681,0
66682,2
66683,0
66684,2
66685,2
66686,2
66687,0
66688,0
66689,2
66690,0
66691,0
66692,0
66693,2
66694,2
66695,0
66696,0
66697,2
66698,2
66699,0
66700,0
66701,0
66702,0
66703,0
66704,0
66705,0
66706,2
66707,2
66708,0
66709,0
66710,0
66711,0
66712,2
66713,2
66714,0
66715,0
66716,0
66717,2
66718,2
66719,0
66720,0
66721,0
66722,0
66723,0
66724,0
66725,0
66726,0
66727,0
66728,0
66729,0
66730,0
66731,0
66732,0
66733,0
66734,2
66735,2
66736,2
66737,0
66738,2
66739,2
66740,2
66741,2
66742,2
66743,0
66744,0
66745,0
66746,0
66747,0
66748,0
66749,0
66750,0
66751,2
66752,0
66753,0
66754,0
66755,0
66756,0
66757,0
66758,0
66759,0
66760,2
66761,0
66762,2
66763,2
66764,0
66765,2
66766,0
66767,2
66768,0
66769,0
66770,2
66771,0
66772,0
66773,0
66774,0
66775,0
66776,0
66777,1
66778,0
66779,0
66780,0
66781,0
66782,2
66783,2
66784,2
66785,2
66786,2
66787,0
66788,1
66789,0
66790,0
66791,0
66792,0
66793,0
66794,0
66795,0
66796,0
66797,0
66798,0
66799,0
66800,0
66801,0
66802,0
66803,0
66804,1
66805,2
66806,2
66807,2
66808,2
66809,2
66810,2
66811,2
66812,0
66813,2
66814,0
66815,0
66816,0
66817,0
66818,0
66819,0
66820,0
66821,2
66822,2
66823,2
66824,0
66825,0
66826,1
66827,0
66828,2
66829,1
66830,2
66831,1
66832,0
66833,0
66834,2
66835,2
66836,0
66837,0
66838,0
66839,0
66840,0
66841,0
66842,0
66843,2
66844,2
66845,0
66846,0
66847,0
66848,2
66849,2
66850,2
66851,0
66852,0
66853,0
66854,0
66855,0
66856,0
66857,0
66858,0
66859,0
66860,0
66861,0
66862,0
66863,0
66864,0
66865,0
66866,0
66867,0
66868,0
66869,0
66870,0
66871,2
66872,2
66873,2
66874,2
66875,2
66876,2
66877,2
66878,2
66879,2
66880,0
66881,0
66882,0
66883,0
66884,2
66885,0
66886,0
66887,0
66888,2
66889,0
66890,0
66891,2
66892,2
66893,0
66894,0
66895,0
66896,0
66897,2
66898,0
66899,2
66900,2
66901,0
66902,2
66903,0
66904,2
66905,2
66906,2
66907,2
66908,0
66909,0
66910,0
66911,0
66912,0
66913,0
66914,2
66915,2
66916,0
66917,0
66918,2
66919,2
66920,2
66921,2
66922,2
66923,2
66924,0
66925,2
66926,0
66927,0
66928,2
66929,0
66930,0
66931,2
66932,2
66933,0
66934,2
66935,2
66936,0
66937,0
66938,0
66939,0
66940,0
66941,2
66942,2
66943,2
66944,2
66945,2
66946,2
66947,2
66948,2
66949,0
66950,2
66951,0
66952,2
66953,0
66954,0
66955,0
66956,0
66957,0
66958,2
66959,2
66960,2
66961,0
66962,0
66963,1
66964,0
66965,2
66966,0
66967,2
66968,2
66969,0
66970,2
66971,2
66972,0
66973,0
66974,2
66975,2
66976,0
66977,0
66978,0
66979,0
66980,2
66981,2
66982,2
66983,0
66984,0
66985,0
66986,2
66987,2
66988,0
66989,0
66990,2
66991,0
66992,0
66993,0
66994,0
66995,0
66996,0
66997,0
66998,2
66999,0
67000,0
67001,0
67002,0
67003,0
67004,0
67005,0
67006,0
67007,0
67008,2
67009,2
67010,2
67011,2
67012,2
67013,2
67014,2
67015,2
67016,2
67017,0
67018,0
67019,0
67020,0
67021,0
67022,0
67023,0
67024,0
67025,2
67026,0
67027,0
67028,2
67029,1
67030,0
67031,0
67032,1
67033,2
67034,2
67035,0
67036,2
67037,2
67038,0
67039,2
67040,0
67041,2
67042,2
67043,2
67044,2
67045,0
67046,0
67047,0
67048,0
67049,1
67050,0
67051,2
67052,0
67053,0
67054,0
67055,2
67056,2
67057,2
67058,2
67059,2
67060,2
67061,0
67062,2
67063,1
67064,0
67065,2
67066,0
67067,0
67068,1
67069,2
67070,0
67071,2
67072,2
67073,0
67074,0
67075,0
67076,0
67077,0
67078,2
67079,2
67080,2
67081,2
67082,2
67083,2
67084,2
67085,2
67086,0
67087,2
67088,1
67089,2
67090,0
67091,0
67092,0
67093,1
67094,0
67095,2
67096,2
67097,2
67098,0
67099,0
67100,1
67101,0
67102,2
67103,1
67104,2
67105,2
67106,2
67107,2
67108,2
67109,2
67110,0
67111,2
67112,0
67113,0
67114,0
67115,0
67116,2
67117,2
67118,2
67119,2
67120,0
67121,0
67122,2
67123,2
67124,2
67125,2
67126,0
67127,0
67128,0
67129,2
67130,0
67131,0
67132,0
67133,0
67134,0
67135,0
67136,0
67137,0
67138,0
67139,0
67140,0
67141,0
67142,0
67143,0
67144,0
67145,2
67146,2
67147,2
67148,2
67149,2
67150,2
67151,2
67152,2
67153,2
67154,0
67155,0
67156,0
67157,0
67158,0
67159,0
67160,0
67161,0
67162,2
67163,0
67164,0
67165,2
67166,0
67167,0
67168,0
67169,0
67170,0
67171,2
67172,0
67173,2
67174,2
67175,0
67176,2
67177,0
67178,2
67179,0
67180,0
67181,2
67182,0
67183,0
67184,0
67185,0
67186,0
67187,0
67188,2
67189,0
67190,0
67191,0
67192,2
67193,2
67194,2
67195,2
67196,2
67197,2
67198,0
67199,2
67200,0
67201,0
67202,2
67203,0
67204,0
67205,0
67206,0
67207,0
67208,2
67209,2
67210,0
67211,0
67212,0
67213,0
67214,0
67215,2
67216,2
67217,2
67218,2
67219,2
67220,2
67221,2
67222,2
67223,0
67224,2
67225,0
67226,2
67227,0
67228,0
67229,0
67230,0
67231,0
67232,2
67233,2
67234,2
67235,0
67236,0
67237,2
67238,0
67239,2
67240,0
67241,2
67242,2
67243,0
67244,2
67245,2
67246,0
67247,0
67248,0
67249,0
67250,0
67251,0
67252,0
67253,0
67254,2
67255,2
67256,0
67257,0
67258,0
67259,2
67260,2
67261,2
67262,0
67263,0
67264,0
67265,0
67266,0
67267,0
67268,0
67269,0
67270,0
67271,0
67272,2
67273,0
67274,0
67275,0
67276,0
67277,0
67278,0
67279,0
67280,0
67281,0
67282,2
67283,2
67284,2
67285,2
67286,2
67287,2
67288,2
67289,2
67290,2
67291,0
67292,0
67293,0
67294,0
67295,0
67296,0
67297,0
67298,0
67299,2
67300,0
67301,0
67302,2
67303,2
67304,0
67305,1
67306,1
67307,2
67308,2
67309,0
67310,2
67311,2
67312,2
67313,2
67314,0
67315,2
67316,0
67317,2
67318,2
67319,0
67320,0
67321,0
67322,0
67323,1
67324,1
67325,2
67326,2
67327,0
67328,1
67329,2
67330,2
67331,2
67332,2
67333,2
67334,2
67335,0
67336,2
67337,2
67338,0
67339,2
67340,0
67341,0
67342,2
67343,2
67344,0
67345,2
67346,2
67347,0
67348,0
67349,2
67350,0
67351,0
67352,2
67353,2
67354,2
67355,2
67356,2
67357,2
67358,2
67359,2
67360,0
67361,2
67362,1
67363,2
67364,0
67365,0
67366,0
67367,2
67368,0
67369,2
67370,2
67371,2
67372,0
67373,0
67374,2
67375,0
67376,2
67377,2
67378,2
67379,2
67380,2
67381,2
67382,2
67383,2
67384,0
67385,2
67386,2
67387,1
67388,0
67389,0
67390,0
67391,2
67392,2
67393,2
67394,0
67395,0
67396,2
67397,2
67398,2
67399,2
67400,0
67401,0
67402,0
67403,2
67404,0
67405,0
67406,0
67407,0
67408,0
67409,0
67410,0
67411,0
67412,0
67413,0
67414,0
67415,0
67416,0
67417,0
67418,0
67419,2
67420,2
67421,2
67422,2
67423,2
67424,2
67425,2
67426,2
67427,2
67428,0
67429,0
67430,0
67431,0
67432,0
67433,0
67434,0
67435,0
67436,2
67437,0
67438,0
67439,0
67440,0
67441,0
67442,0
67443,0
67444,0
67445,2
67446,0
67447,2
67448,2
67449,0
67450,2
67451,0
67452,2
67453,0
67454,0
67455,0
67456,0
67457,0
67458,0
67459,0
67460,0
67461,0
67462,2
67463,0
67464,0
67465,0
67466,2
67467,2
67468,2
67469,2
67470,0
67471,2
67472,0
67473,2
67474,0
67475,0
67476,2
67477,0
67478,0
67479,0
67480,0
67481,0
67482,2
67483,2
67484,0
67485,0
67486,0
67487,0
67488,0
67489,2
67490,2
67491,2
67492,2
67493,2
67494,2
67495,2
67496,2
67497,0
67498,2
67499,0
67500,2
67501,0
67502,0
67503,0
67504,0
67505,0
67506,2
67507,0
67508,2
67509,0
67510,0
67511,2
67512,0
67513,2
67514,0
67515,2
67516,2
67517,0
67518,2
67519,2
67520,2
67521,0
67522,0
67523,0
67524,0
67525,0
67526,0
67527,0
67528,2
67529,2
67530,0
67531,0
67532,0
67533,0
67534,2
67535,0
67536,0
67537,0
67538,0
67539,0
67540,0
67541,0
67542,0
67543,0
67544,0
67545,0
67546,0
67547,0
67548,0
67549,0
67550,0
67551,0
67552,0
67553,0
67554,0
67555,0
67556,2
67557,2
67558,2
67559,2
67560,2
67561,2
67562,2
67563,2
67564,2
67565,0
67566,0
67567,0
67568,0
67569,0
67570,0
67571,0
67572,0
67573,2
67574,0
67575,0
67576,2
67577,0
67578,0
67579,0
67580,0
67581,0
67582,2
67583,0
67584,2
67585,2
67586,0
67587,2
67588,0
67589,2
67590,0
67591,0
67592,2
67593,0
67594,0
67595,0
67596,0
67597,0
67598,0
67599,2
67600,2
67601,0
67602,0
67603,2
67604,2
67605,2
67606,2
67607,2
67608,2
67609,0
67610,2
67611,0
67612,0
67613,2
67614,0
67615,0
67616,0
67617,2
67618,0
67619,2
67620,2
67621,0
67622,0
67623,0
67624,0
67625,0
67626,2
67627,2
67628,2
67629,2
67630,2
67631,2
67632,2
67633,2
67634,0
67635,2
67636,0
67637,2
67638,0
67639,0
67640,0
67641,0
67642,0
67643,2
67644,2
67645,2
67646,0
67647,0
67648,2
67649,0
67650,2
67651,0
67652,2
67653,2
67654,0
67655,0
67656,2
67657,2
67658,0
67659,2
67660,2
67661,0
67662,0
67663,0
67664,0
67665,2
67666,2
67667,2
67668,0
67669,0
67670,2
67671,2
67672,2
67673,2
67674,0
67675,0
67676,0
67677,0
67678,0
67679,0
67680,0
67681,0
67682,0
67683,0
67684,0
67685,0
67686,0
67687,0
67688,0
67689,0
67690,0
67691,0
67692,0
67693,2
67694,2
67695,2
67696,2
67697,2
67698,2
67699,2
67700,2
67701,2
67702,0
67703,0
67704,0
67705,0
67706,0
67707,0
67708,0
67709,0
67710,2
67711,0
67712,0
67713,2
67714,1
67715,0
67716,1
67717,1
67718,2
67719,2
67720,0
67721,2
67722,2
67723,0
67724,2
67725,0
67726,2
67727,2
67728,2
67729,2
67730,0
67731,0
67732,0
67733,0
67734,1
67735,1
67736,1
67737,0
67738,0
67739,1
67740,2
67741,2
67742,2
67743,2
67744,2
67745,2
67746,0
67747,2
67748,1
67749,0
67750,2
67751,0
67752,0
67753,1
67754,1
67755,0
67756,1
67757,1
67758,0
67759,0
67760,0
67761,0
67762,0
67763,2
67764,2
67765,2
67766,2
67767,2
67768,2
67769,2
67770,2
67771,0
67772,2
67773,1
67774,1
67775,0
67776,0
67777,0
67778,1
67779,0
67780,2
67781,2
67782,2
67783,0
67784,0
67785,1
67786,0
67787,2
67788,1
67789,2
67790,2
67791,2
67792,2
67793,2
67794,2
67795,0
67796,0
67797,0
67798,1
67799,0
67800,0
67801,0
67802,2
67803,2
67804,0
67805,0
67806,0
67807,2
67808,2
67809,2
67810,0
67811,0
67812,0
67813,0
67814,0
67815,0
67816,0
67817,0
67818,0
67819,0
67820,0
67821,0
67822,0
67823,0
67824,0
67825,0
67826,0
67827,0
67828,0
67829,0
67830,2
67831,2
67832,2
67833,2
67834,2
67835,2
67836,2
67837,2
67838,2
67839,0
67840,0
67841,0
67842,0
67843,0
67844,0
67845,0
67846,0
67847,2
67848,0
67849,0
67850,2
67851,0
67852,0
67853,0
67854,0
67855,0
67856,2
67857,0
67858,2
67859,2
67860,2
67861,2
67862,0
67863,2
67864,0
67865,2
67866,2
67867,0
67868,0
67869,0
67870,0
67871,0
67872,0
67873,2
67874,2
67875,0
67876,0
67877,2
67878,2
67879,2
67880,2
67881,2
67882,2
67883,0
67884,2
67885,2
67886,0
67887,2
67888,0
67889,0
67890,2
67891,2
67892,0
67893,2
67894,2
67895,0
67896,0
67897,0
67898,0
67899,0
67900,2
67901,2
67902,2
67903,2
67904,2
67905,2
67906,2
67907,2
67908,0
67909,2
67910,0
67911,2
67912,0
67913,0
67914,0
67915,2
67916,0
67917,2
67918,2
67919,2
67920,0
67921,0
67922,2
67923,0
67924,2
67925,0
67926,2
67927,2
67928,0
67929,2
67930,2
67931,0
67932,0
67933,0
67934,2
67935,0
67936,0
67937,0
67938,0
67939,2
67940,2
67941,2
67942,0
67943,0
67944,2
67945,2
67946,2
67947,2
67948,0
67949,0
67950,0
67951,2
67952,0
67953,0
67954,0
67955,0
67956,0
67957,2
67958,0
67959,0
67960,0
67961,0
67962,0
67963,0
67964,0
67965,0
67966,0
67967,2
67968,2
67969,2
67970,2
67971,2
67972,2
67973,2
67974,2
67975,2
67976,0
67977,0
67978,0
67979,0
67980,0
67981,0
67982,0
67983,0
67984,2
67985,0
67986,0
67987,2
67988,1
67989,0
67990,0
67991,0
67992,2
67993,2
67994,0
67995,2
67996,2
67997,0
67998,2
67999,0
68000,2
68001,0
68002,2
68003,2
68004,0
68005,0
68006,0
68007,0
68008,0
68009,0
68010,2
68011,0
68012,0
68013,0
68014,2
68015,2
68016,2
68017,2
68018,2
68019,2
68020,0
68021,2
68022,0
68023,0
68024,2
68025,0
68026,0
68027,1
68028,2
68029,0
68030,2
68031,2
68032,0
68033,0
68034,0
68035,0
68036,0
68037,2
68038,2
68039,2
68040,2
68041,2
68042,2
68043,2
68044,2
68045,0
68046,2
68047,0
68048,2
68049,0
68050,0
68051,0
68052,0
68053,0
68054,2
68055,2
68056,2
68057,0
68058,0
68059,0
68060,0
68061,2
68062,0
68063,2
68064,2
68065,2
68066,2
68067,2
68068,2
68069,0
68070,2
68071,2
68072,0
68073,0
68074,0
68075,2
68076,2
68077,2
68078,2
68079,0
68080,0
68081,2
68082,2
68083,2
68084,0
68085,0
68086,0
68087,0
68088,0
68089,0
68090,0
68091,0
68092,0
68093,0
68094,2
68095,0
68096,0
68097,0
68098,0
68099,0
68100,0
68101,0
68102,0
68103,0
68104,2
68105,2
68106,2
68107,2
68108,2
68109,2
68110,2
68111,2
68112,2
68113,0
68114,0
68115,0
68116,0
68117,0
68118,0
68119,0
68120,0
68121,2
68122,0
68123,0
68124,0
68125,1
68126,0
68127,1
68128,1
68129,2
68130,2
68131,0
68132,2
68133,2
68134,0
68135,2
68136,0
68137,2
68138,0
68139,2
68140,2
68141,0
68142,0
68143,0
68144,0
68145,0
68146,1
68147,1
68148,0
68149,0
68150,0
68151,2
68152,2
68153,2
68154,2
68155,2
68156,2
68157,0
68158,2
68159,1
68160,0
68161,2
68162,0
68163,0
68164,1
68165,2
68166,0
68167,0
68168,2
68169,0
68170,0
68171,1
68172,0
68173,0
68174,2
68175,2
68176,2
68177,2
68178,2
68179,2
68180,2
68181,2
68182,0
68183,2
68184,1
68185,0
68186,0
68187,0
68188,0
68189,1
68190,0
68191,2
68192,2
68193,2
68194,0
68195,0
68196,1
68197,0
68198,2
68199,1
68200,2
68201,2
68202,0
68203,0
68204,2
68205,2
68206,0
68207,0
68208,0
68209,1
68210,0
68211,0
68212,2
68213,2
68214,2
68215,0
68216,0
68217,0
68218,2
68219,2
68220,2
68221,0
68222,0
68223,0
68224,0
68225,0
68226,0
68227,0
68228,0
68229,0
68230,0
68231,2
68232,0
68233,0
68234,0
68235,0
68236,0
68237,0
68238,0
68239,0
68240,0
68241,2
68242,2
68243,2
68244,2
68245,2
68246,2
68247,2
68248,2
68249,2
68250,0
68251,0
68252,0
68253,0
68254,2
68255,0
68256,0
68257,0
68258,2
68259,0
68260,0
68261,2
68262,1
68263,0
68264,1
68265,1
68266,2
68267,2
68268,0
68269,2
68270,2
68271,0
68272,2
68273,0
68274,2
68275,2
68276,2
68277,2
68278,0
68279,0
68280,0
68281,0
68282,1
68283,1
68284,2
68285,1
68286,0
68287,1
68288,2
68289,2
68290,2
68291,2
68292,2
68293,2
68294,0
68295,2
68296,1
68297,0
68298,2
68299,0
68300,0
68301,1
68302,2
68303,0
68304,0
68305,2
68306,0
68307,0
68308,1
68309,0
68310,0
68311,2
68312,2
68313,2
68314,2
68315,2
68316,2
68317,2
68318,2
68319,0
68320,2
68321,1
68322,0
68323,0
68324,0
68325,0
68326,1
68327,0
68328,2
68329,2
68330,2
68331,0
68332,0
68333,1
68334,0
68335,2
68336,1
68337,2
68338,2
68339,0
68340,2
68341,2
68342,2
68343,0
68344,2
68345,0
68346,0
68347,0
68348,0
68349,2
68350,2
68351,2
68352,2
68353,0
68354,0
68355,2
68356,2
68357,2
68358,2
68359,0
68360,0
68361,0
68362,0
68363,0
68364,0
68365,0
68366,0
68367,0
68368,0
68369,0
68370,0
68371,0
68372,0
68373,0
68374,0
68375,0
68376,0
68377,0
68378,2
68379,2
68380,2
68381,2
68382,2
68383,2
68384,2
68385,2
68386,2
68387,0
68388,0
68389,0
68390,0
68391,0
68392,0
68393,0
68394,0
68395,2
68396,0
68397,0
68398,2
68399,0
68400,0
68401,0
68402,0
68403,0
68404,2
68405,0
68406,2
68407,2
68408,0
68409,2
68410,0
68411,2
68412,0
68413,2
68414,2
68415,0
68416,0
68417,0
68418,0
68419,0
68420,0
68421,2
68422,0
68423,0
68424,0
68425,2
68426,2
68427,2
68428,2
68429,2
68430,2
68431,0
68432,2
68433,0
68434,0
68435,2
68436,0
68437,0
68438,0
68439,2
68440,0
68441,2
68442,2
68443,0
68444,0
68445,0
68446,0
68447,0
68448,2
68449,2
68450,2
68451,2
68452,2
68453,2
68454,2
68455,2
68456,0
68457,2
68458,0
68459,0
68460,0
68461,0
68462,0
68463,0
68464,0
68465,2
68466,2
68467,2
68468,0
68469,0
68470,0
68471,0
68472,2
68473,0
68474,2
68475,2
68476,2
68477,0
68478,2
68479,0
68480,0
68481,0
68482,2
68483,0
68484,0
68485,0
68486,0
68487,2
68488,2
68489,0
68490,0
68491,0
68492,0
68493,2
68494,2
68495,0
68496,0
68497,0
68498,0
68499,0
68500,0
68501,0
68502,0
68503,0
68504,0
68505,0
68506,0
68507,0
68508,0
68509,0
68510,0
68511,0
68512,0
68513,0
68514,0
68515,2
68516,2
68517,2
68518,2
68519,2
68520,2
68521,2
68522,2
68523,2
68524,0
68525,0
68526,0
68527,0
68528,0
68529,0
68530,0
68531,0
68532,2
68533,0
68534,0
68535,2
68536,0
68537,0
68538,0
68539,0
68540,0
68541,2
68542,0
68543,2
68544,2
68545,0
68546,2
68547,0
68548,2
68549,0
68550,2
68551,2
68552,0
68553,0
68554,0
68555,0
68556,0
68557,0
68558,2
68559,0
68560,0
68561,0
68562,2
68563,2
68564,2
68565,2
68566,2
68567,2
68568,0
68569,2
68570,0
68571,0
68572,2
68573,0
68574,0
68575,2
68576,2
68577,0
68578,2
68579,2
68580,0
68581,0
68582,0
68583,0
68584,0
68585,2
68586,2
68587,2
68588,2
68589,2
68590,2
68591,2
68592,2
68593,0
68594,2
68595,0
68596,2
68597,0
68598,0
68599,0
68600,2
68601,0
68602,2
68603,2
68604,2
68605,0
68606,0
68607,2
68608,0
68609,2
68610,0
68611,2
68612,2
68613,2
68614,0
68615,2
68616,2
68617,0
68618,0
68619,2
68620,0
68621,0
68622,0
68623,0
68624,2
68625,2
68626,2
68627,0
68628,0
68629,2
68630,2
68631,2
68632,0
68633,0
68634,0
68635,0
68636,0
68637,0
68638,0
68639,0
68640,0
68641,0
68642,2
68643,0
68644,0
68645,0
68646,0
68647,0
68648,0
68649,0
68650,0
68651,0
68652,2
68653,2
68654,2
68655,2
68656,2
68657,2
68658,2
68659,2
68660,2
68661,0
68662,0
68663,0
68664,0
68665,0
68666,0
68667,0
68668,0
68669,2
68670,0
68671,0
68672,2
68673,0
68674,0
68675,0
68676,0
68677,0
68678,2
68679,0
68680,2
68681,2
68682,0
68683,2
68684,0
68685,2
68686,0
68687,2
68688,2
68689,0
68690,0
68691,0
68692,0
68693,0
68694,0
68695,2
68696,0
68697,0
68698,0
68699,2
68700,2
68701,2
68702,2
68703,2
68704,2
68705,0
68706,2
68707,0
68708,0
68709,2
68710,0
68711,0
68712,1
68713,2
68714,0
68715,2
68716,2
68717,0
68718,0
68719,0
68720,0
68721,0
68722,2
68723,2
68724,2
68725,2
68726,2
68727,2
68728,2
68729,2
68730,0
68731,2
68732,0
68733,2
68734,0
68735,0
68736,0
68737,0
68738,0
68739,2
68740,0
68741,2
68742,0
68743,0
68744,2
68745,0
68746,2
68747,1
68748,2
68749,2
68750,2
68751,2
68752,2
68753,2
68754,0
68755,2
68756,2
68757,0
68758,0
68759,0
68760,2
68761,2
68762,2
68763,2
68764,0
68765,0
68766,2
68767,2
68768,2
68769,2
68770,0
68771,0
68772,0
68773,2
68774,0
68775,0
68776,0
68777,0
68778,0
68779,2
68780,0
68781,0
68782,0
68783,0
68784,0
68785,0
68786,0
68787,0
68788,0
68789,2
68790,2
68791,2
68792,2
68793,2
68794,2
68795,2
68796,2
68797,2
68798,0
68799,0
68800,0
68801,0
68802,2
68803,0
68804,0
68805,0
68806,2
68807,0
68808,0
68809,2
68810,1
68811,0
68812,1
68813,1
68814,2
68815,2
68816,0
68817,2
68818,2
68819,0
68820,2
68821,0
68822,2
68823,2
68824,2
68825,2
68826,0
68827,0
68828,0
68829,0
68830,1
68831,1
68832,2
68833,1
68834,0
68835,1
68836,2
68837,2
68838,2
68839,2
68840,2
68841,2
68842,0
68843,2
68844,1
68845,0
68846,2
68847,0
68848,0
68849,1
68850,2
68851,0
68852,0
68853,2
68854,0
68855,0
68856,1
68857,0
68858,0
68859,2
68860,2
68861,2
68862,2
68863,2
68864,2
68865,2
68866,2
68867,0
68868,2
68869,1
68870,0
68871,0
68872,0
68873,0
68874,1
68875,0
68876,2
68877,2
68878,2
68879,0
68880,0
68881,1
68882,0
68883,2
68884,1
68885,2
68886,2
68887,0
68888,2
68889,2
68890,2
68891,0
68892,2
68893,0
68894,0
68895,0
68896,0
68897,2
68898,2
68899,2
68900,2
68901,0
68902,0
68903,2
68904,2
68905,2
68906,2
68907,0
68908,0
68909,0
68910,0
68911,0
68912,0
68913,0
68914,0
68915,0
68916,2
68917,0
68918,0
68919,0
68920,0
68921,0
68922,0
68923,0
68924,0
68925,0
68926,2
68927,2
68928,2
68929,2
68930,2
68931,2
68932,2
68933,2
68934,2
68935,0
68936,0
68937,0
68938,0
68939,2
68940,1
68941,0
68942,0
68943,2
68944,0
68945,0
68946,2
68947,1
68948,0
68949,1
68950,1
68951,2
68952,2
68953,1
68954,2
68955,2
68956,2
68957,2
68958,0
68959,2
68960,2
68961,2
68962,2
68963,0
68964,0
68965,0
68966,0
68967,1
68968,1
68969,2
68970,1
68971,0
68972,1
68973,2
68974,2
68975,2
68976,2
68977,2
68978,2
68979,0
68980,2
68981,1
68982,0
68983,2
68984,0
68985,0
68986,1
68987,2
68988,1
68989,2
68990,2
68991,1
68992,0
68993,1
68994,0
68995,0
68996,2
68997,2
68998,2
68999,2
69000,2
69001,2
69002,2
69003,2
69004,0
69005,2
69006,1
69007,2
69008,0
69009,0
69010,0
69011,1
69012,0
69013,2
69014,2
69015,2
69016,0
69017,0
69018,1
69019,0
69020,2
69021,2
69022,2
69023,2
69024,0
69025,2
69026,2
69027,2
69028,1
69029,2
69030,1
69031,1
69032,0
69033,0
69034,2
69035,2
69036,2
69037,2
69038,0
69039,0
69040,2
69041,2
69042,2
69043,2
69044,0
69045,2
69046,0
69047,2
69048,0
69049,0
69050,0
69051,0
69052,0
69053,2
69054,0
69055,0
69056,0
69057,0
69058,0
69059,0
69060,0
69061,0
69062,0
69063,2
69064,2
69065,2
69066,2
69067,2
69068,2
69069,2
69070,2
69071,2
69072,0
69073,0
69074,0
69075,0
69076,0
69077,0
69078,0
69079,0
69080,2
69081,0
69082,0
69083,2
69084,2
69085,0
69086,1
69087,2
69088,0
69089,2
69090,0
69091,2
69092,2
69093,2
69094,2
69095,0
69096,2
69097,0
69098,2
69099,2
69100,0
69101,0
69102,0
69103,0
69104,2
69105,2
69106,2
69107,2
69108,0
69109,2
69110,2
69111,2
69112,2
69113,2
69114,2
69115,2
69116,2
69117,2
69118,2
69119,0
69120,2
69121,0
69122,0
69123,2
69124,2
69125,2
69126,2
69127,2
69128,0
69129,0
69130,2
69131,0
69132,0
69133,2
69134,2
69135,2
69136,2
69137,2
69138,2
69139,2
69140,2
69141,0
69142,2
69143,1
69144,2
69145,0
69146,0
69147,0
69148,2
69149,0
69150,2
69151,2
69152,2
69153,0
69154,0
69155,2
69156,0
69157,2
69158,0
69159,2
69160,2
69161,0
69162,2
69163,2
69164,2
69165,2
69166,2
69167,2
69168,2
69169,0
69170,0
69171,0
69172,2
69173,2
69174,2
69175,0
69176,0
69177,2
69178,2
69179,2
69180,2
69181,0
69182,0
69183,2
69184,2
69185,0
69186,0
69187,0
69188,0
69189,0
69190,0
69191,0
69192,0
69193,0
69194,0
69195,0
69196,0
69197,0
69198,0
69199,0
69200,2
69201,2
69202,2
69203,2
69204,2
69205,2
69206,2
69207,2
69208,2
69209,0
69210,0
69211,0
69212,0
69213,0
69214,0
69215,0
69216,0
69217,2
69218,0
69219,0
69220,0
69221,0
69222,0
69223,0
69224,0
69225,0
69226,2
69227,0
69228,2
69229,2
69230,0
69231,2
69232,0
69233,2
69234,0
69235,2
69236,2
69237,0
69238,0
69239,0
69240,0
69241,0
69242,0
69243,2
69244,0
69245,0
69246,0
69247,2
69248,2
69249,2
69250,2
69251,2
69252,2
69253,0
69254,2
69255,0
69256,0
69257,2
69258,0
69259,0
69260,0
69261,0
69262,0
69263,0
69264,2
69265,0
69266,0
69267,0
69268,0
69269,0
69270,2
69271,2
69272,2
69273,2
69274,2
69275,2
69276,2
69277,2
69278,0
69279,2
69280,0
69281,0
69282,0
69283,0
69284,0
69285,0
69286,0
69287,2
69288,2
69289,2
69290,0
69291,0
69292,2
69293,0
69294,2
69295,0
69296,2
69297,2
69298,0
69299,2
69300,2
69301,2
69302,0
69303,0
69304,0
69305,0
69306,0
69307,0
69308,0
69309,2
69310,2
69311,0
69312,0
69313,0
69314,2
69315,2
69316,2
69317,2
69318,0
69319,0
69320,0
69321,0
69322,0
69323,0
69324,0
69325,0
69326,0
69327,0
69328,0
69329,0
69330,0
69331,0
69332,0
69333,0
69334,0
69335,0
69336,0
69337,2
69338,2
69339,2
69340,2
69341,2
69342,2
69343,2
69344,2
69345,2
69346,0
69347,0
69348,0
69349,0
69350,0
69351,0
69352,0
69353,0
69354,2
69355,0
69356,0
69357,2
69358,0
69359,0
69360,0
69361,0
69362,2
69363,2
69364,0
69365,2
69366,2
69367,0
69368,2
69369,0
69370,2
69371,2
69372,2
69373,2
69374,0
69375,0
69376,0
69377,0
69378,0
69379,0
69380,2
69381,0
69382,0
69383,0
69384,2
69385,2
69386,2
69387,2
69388,2
69389,2
69390,0
69391,2
69392,0
69393,0
69394,2
69395,0
69396,0
69397,0
69398,0
69399,0
69400,0
69401,0
69402,0
69403,0
69404,0
69405,0
69406,0
69407,2
69408,2
69409,2
69410,2
69411,2
69412,2
69413,2
69414,2
69415,0
69416,2
69417,0
69418,0
69419,0
69420,0
69421,0
69422,0
69423,0
69424,2
69425,2
69426,2
69427,0
69428,0
69429,0
69430,0
69431,2
69432,0
69433,2
69434,2
69435,0
69436,2
69437,2
69438,2
69439,0
69440,0
69441,0
69442,0
69443,0
69444,0
69445,0
69446,2
69447,2
69448,0
69449,0
69450,0
69451,2
69452,2
69453,2
69454,2
69455,0
69456,0
69457,0
69458,0
69459,0
69460,0
69461,0
69462,0
69463,0
69464,0
69465,0
69466,0
69467,0
69468,0
69469,0
69470,0
69471,0
69472,0
69473,0
69474,2
69475,0
69476,0
69477,2
69478,0
69479,2
69480,2
69481,2
69482,2
69483,0
69484,0
69485,0
69486,0
69487,0
69488,0
69489,0
69490,0
69491,2
69492,0
69493,0
69494,0
69495,0
69496,0
69497,0
69498,0
69499,0
69500,2
69501,0
69502,2
69503,2
69504,0
69505,2
69506,0
69507,2
69508,0
69509,2
69510,0
69511,0
69512,0
69513,0
69514,0
69515,0
69516,0
69517,0
69518,0
69519,0
69520,0
69521,2
69522,2
69523,2
69524,2
69525,2
69526,2
69527,0
69528,2
69529,0
69530,0
69531,0
69532,0
69533,0
69534,0
69535,0
69536,0
69537,0
69538,2
69539,0
69540,0
69541,0
69542,0
69543,0
69544,2
69545,2
69546,2
69547,2
69548,2
69549,2
69550,2
69551,2
69552,0
69553,2
69554,0
69555,0
69556,0
69557,0
69558,0
69559,0
69560,0
69561,2
69562,0
69563,2
69564,0
69565,0
69566,2
69567,0
69568,0
69569,0
69570,2
69571,2
69572,0
69573,2
69574,2
69575,0
69576,0
69577,0
69578,0
69579,0
69580,0
69581,0
69582,0
69583,2
69584,0
69585,0
69586,0
69587,0
69588,0
69589,2
69590,2
69591,0
69592,0
69593,0
69594,0
69595,0
69596,0
69597,0
69598,0
69599,0
69600,0
69601,0
69602,0
69603,0
69604,0
69605,0
69606,0
69607,0
69608,0
69609,0
69610,0
69611,2
69612,2
69613,2
69614,2
69615,2
69616,2
69617,2
69618,2
69619,2
69620,0
69621,0
69622,0
69623,0
69624,0
69625,0
69626,0
69627,0
69628,2
69629,0
69630,0
69631,0
69632,0
69633,0
69634,0
69635,0
69636,0
69637,2
69638,0
69639,2
69640,2
69641,0
69642,2
69643,0
69644,2
69645,2
69646,2
69647,2
69648,0
69649,0
69650,0
69651,0
69652,0
69653,0
69654,2
69655,2
69656,0
69657,2
69658,2
69659,2
69660,2
69661,2
69662,2
69663,2
69664,0
69665,2
69666,2
69667,0
69668,2
69669,0
69670,0
69671,2
69672,2
69673,0
69674,2
69675,2
69676,0
69677,0
69678,0
69679,0
69680,0
69681,2
69682,2
69683,2
69684,2
69685,2
69686,2
69687,2
69688,2
69689,0
69690,2
69691,0
69692,2
69693,0
69694,0
69695,0
69696,2
69697,0
69698,2
69699,2
69700,2
69701,0
69702,0
69703,2
69704,0
69705,2
69706,0
69707,2
69708,2
69709,2
69710,2
69711,2
69712,0
69713,0
69714,0
69715,2
69716,0
69717,0
69718,0
69719,0
69720,2
69721,2
69722,2
69723,0
69724,0
69725,0
69726,2
69727,2
69728,0
69729,0
69730,0
69731,0
69732,2
69733,0
69734,0
69735,0
69736,0
69737,0
69738,2
69739,0
69740,0
69741,0
69742,0
69743,0
69744,0
69745,0
69746,0
69747,0
69748,2
69749,2
69750,2
69751,2
69752,2
69753,2
69754,2
69755,2
69756,2
69757,0
69758,0
69759,0
69760,0
69761,0
69762,0
69763,0
69764,0
69765,2
69766,0
69767,0
69768,2
69769,1
69770,0
69771,1
69772,1
69773,0
69774,2
69775,0
69776,2
69777,2
69778,2
69779,2
69780,0
69781,2
69782,2
69783,2
69784,2
69785,0
69786,0
69787,0
69788,0
69789,2
69790,1
69791,2
69792,1
69793,0
69794,2
69795,2
69796,2
69797,2
69798,2
69799,2
69800,2
69801,2
69802,2
69803,1
69804,0
69805,2
69806,0
69807,0
69808,1
69809,2
69810,0
69811,2
69812,2
69813,0
69814,0
69815,2
69816,0
69817,0
69818,2
69819,2
69820,2
69821,2
69822,2
69823,2
69824,2
69825,2
69826,0
69827,2
69828,1
69829,2
69830,0
69831,0
69832,0
69833,1
69834,0
69835,2
69836,2
69837,2
69838,0
69839,0
69840,2
69841,0
69842,2
69843,0
69844,2
69845,2
69846,0
69847,2
69848,2
69849,2
69850,1
69851,2
69852,2
69853,0
69854,0
69855,0
69856,0
69857,2
69858,2
69859,2
69860,0
69861,0
69862,2
69863,2
69864,2
69865,2
69866,0
69867,0
69868,0
69869,0
69870,0
69871,0
69872,0
69873,0
69874,0
69875,0
69876,0
69877,0
69878,0
69879,0
69880,0
69881,0
69882,0
69883,0
69884,0
69885,2
69886,2
69887,2
69888,2
69889,2
69890,2
69891,2
69892,2
69893,2
69894,0
69895,0
69896,0
69897,0
69898,0
69899,0
69900,0
69901,0
69902,2
69903,0
69904,0
69905,2
69906,0
69907,0
69908,0
69909,0
69910,2
69911,2
69912,0
69913,2
69914,2
69915,0
69916,2
69917,0
69918,2
69919,0
69920,2
69921,2
69922,0
69923,0
69924,0
69925,0
69926,0
69927,0
69928,2
69929,0
69930,0
69931,0
69932,2
69933,2
69934,2
69935,2
69936,2
69937,2
69938,0
69939,2
69940,0
69941,0
69942,2
69943,0
69944,0
69945,0
69946,2
69947,0
69948,2
69949,2
69950,0
69951,0
69952,0
69953,0
69954,0
69955,2
69956,2
69957,2
69958,2
69959,2
69960,2
69961,2
69962,2
69963,0
69964,2
69965,0
69966,2
69967,0
69968,0
69969,0
69970,0
69971,0
69972,2
69973,2
69974,2
69975,0
69976,0
69977,2
69978,0
69979,2
69980,0
69981,2
69982,2
69983,2
69984,2
69985,2
69986,2
69987,0
69988,2
69989,2
69990,0
69991,0
69992,0
69993,2
69994,2
69995,2
69996,2
69997,0
69998,0
69999,2
70000,2
70001,2
70002,2
70003,0
70004,0
70005,0
70006,0
70007,0
70008,0
70009,0
70010,0
70011,0
70012,2
70013,0
70014,0
70015,0
70016,0
70017,0
70018,0
70019,0
70020,0
70021,0
70022,2
70023,2
70024,2
70025,2
70026,2
70027,2
70028,2
70029,2
70030,2
70031,0
70032,0
70033,0
70034,0
70035,2
70036,0
70037,0
70038,0
70039,2
70040,0
70041,0
70042,2
70043,1
70044,0
70045,1
70046,2
70047,2
70048,2
70049,1
70050,2
70051,2
70052,2
70053,2
70054,0
70055,2
70056,2
70057,2
70058,2
70059,0
70060,0
70061,0
70062,0
70063,2
70064,1
70065,2
70066,2
70067,0
70068,2
70069,2
70070,2
70071,2
70072,2
70073,2
70074,2
70075,0
70076,2
70077,2
70078,2
70079,2
70080,0
70081,0
70082,2
70083,2
70084,1
70085,2
70086,2
70087,0
70088,0
70089,1
70090,0
70091,0
70092,2
70093,2
70094,2
70095,2
70096,2
70097,2
70098,2
70099,2
70100,0
70101,2
70102,1
70103,2
70104,0
70105,0
70106,0
70107,2
70108,2
70109,2
70110,2
70111,2
70112,0
70113,0
70114,2
70115,0
70116,2
70117,2
70118,2
70119,2
70120,2
70121,2
70122,2
70123,2
70124,1
70125,2
70126,2
70127,1
70128,0
70129,0
70130,2
70131,2
70132,2
70133,2
70134,0
70135,0
70136,2
70137,2
70138,2
70139,2
70140,0
70141,2
70142,2
70143,2
70144,0
70145,0
70146,0
70147,0
70148,0
70149,2
70150,0
70151,0
70152,0
70153,0
70154,0
70155,0
70156,0
70157,0
70158,0
70159,2
70160,2
70161,2
70162,2
70163,2
70164,2
70165,2
70166,2
70167,2
70168,0
70169,0
70170,0
70171,0
70172,2
70173,0
70174,0
70175,0
70176,2
70177,0
70178,0
70179,2
70180,0
70181,0
70182,0
70183,0
70184,2
70185,2
70186,0
70187,2
70188,2
70189,0
70190,2
70191,0
70192,2
70193,0
70194,2
70195,2
70196,0
70197,0
70198,0
70199,0
70200,0
70201,0
70202,2
70203,0
70204,0
70205,0
70206,2
70207,2
70208,2
70209,2
70210,2
70211,2
70212,0
70213,2
70214,1
70215,0
70216,2
70217,0
70218,0
70219,1
70220,2
70221,0
70222,2
70223,2
70224,0
70225,0
70226,2
70227,0
70228,0
70229,2
70230,2
70231,2
70232,2
70233,2
70234,2
70235,2
70236,2
70237,0
70238,2
70239,0
70240,2
70241,0
70242,0
70243,0
70244,1
70245,0
70246,2
70247,2
70248,2
70249,0
70250,0
70251,1
70252,0
70253,2
70254,0
70255,2
70256,2
70257,2
70258,2
70259,2
70260,2
70261,0
70262,2
70263,2
70264,0
70265,0
70266,0
70267,2
70268,2
70269,2
70270,2
70271,0
70272,0
70273,2
70274,2
70275,2
70276,2
70277,0
70278,0
70279,0
70280,0
70281,0
70282,0
70283,0
70284,0
70285,0
70286,2
70287,0
70288,0
70289,0
70290,0
70291,0
70292,0
70293,0
70294,0
70295,0
70296,2
70297,2
70298,2
70299,2
70300,2
70301,2
70302,2
70303,2
70304,2
70305,0
70306,0
70307,0
70308,0
70309,2
70310,0
70311,0
70312,0
70313,2
70314,0
70315,0
70316,2
70317,0
70318,0
70319,0
70320,0
70321,2
70322,2
70323,0
70324,2
70325,2
70326,2
70327,2
70328,0
70329,2
70330,2
70331,2
70332,2
70333,0
70334,0
70335,0
70336,0
70337,1
70338,0
70339,2
70340,2
70341,0
70342,2
70343,2
70344,2
70345,2
70346,2
70347,2
70348,2
70349,0
70350,2
70351,1
70352,0
70353,2
70354,0
70355,0
70356,0
70357,2
70358,2
70359,2
70360,2
70361,0
70362,0
70363,2
70364,0
70365,0
70366,2
70367,2
70368,2
70369,2
70370,2
70371,2
70372,2
70373,2
70374,0
70375,2
70376,1
70377,2
70378,0
70379,0
70380,0
70381,2
70382,0
70383,2
70384,2
70385,2
70386,0
70387,0
70388,2
70389,0
70390,2
70391,2
70392,2
70393,2
70394,2
70395,2
70396,2
70397,2
70398,0
70399,2
70400,2
70401,0
70402,0
70403,0
70404,2
70405,2
70406,2
70407,2
70408,0
70409,0
70410,2
70411,2
70412,2
70413,2
70414,0
70415,0
70416,0
70417,0
70418,0
70419,0
70420,0
70421,0
70422,0
70423,2
70424,0
70425,0
70426,0
70427,0
70428,0
70429,0
70430,0
70431,0
70432,0
70433,2
70434,2
70435,2
70436,2
70437,2
70438,2
70439,2
70440,2
70441,2
70442,0
70443,0
70444,0
70445,0
70446,0
70447,0
70448,0
70449,0
70450,2
70451,0
70452,0
70453,2
70454,2
70455,0
70456,0
70457,0
70458,0
70459,2
70460,0
70461,2
70462,2
70463,0
70464,2
70465,0
70466,2
70467,0
70468,2
70469,2
70470,0
70471,0
70472,0
70473,0
70474,2
70475,2
70476,2
70477,2
70478,0
70479,2
70480,2
70481,2
70482,2
70483,2
70484,2
70485,2
70486,0
70487,2
70488,2
70489,2
70490,2
70491,0
70492,0
70493,2
70494,2
70495,0
70496,2
70497,2
70498,0
70499,0
70500,0
70501,0
70502,0
70503,2
70504,2
70505,2
70506,2
70507,2
70508,2
70509,2
70510,2
70511,0
70512,2
70513,0
70514,2
70515,0
70516,0
70517,0
70518,2
70519,0
70520,2
70521,2
70522,2
70523,0
70524,0
70525,2
70526,0
70527,0
70528,0
70529,2
70530,2
70531,2
70532,2
70533,2
70534,0
70535,0
70536,0
70537,2
70538,0
70539,0
70540,0
70541,0
70542,2
70543,2
70544,2
70545,0
70546,0
70547,0
70548,2
70549,0
70550,2
70551,0
70552,0
70553,2
70554,2
70555,0
70556,0
70557,0
70558,0
70559,0
70560,2
70561,0
70562,0
70563,0
70564,0
70565,0
70566,0
70567,0
70568,0
70569,0
70570,2
70571,2
70572,2
70573,2
70574,2
70575,2
70576,2
70577,2
70578,2
70579,0
70580,0
70581,0
70582,0
70583,0
70584,0
70585,0
70586,0
70587,2
70588,0
70589,0
70590,2
70591,0
70592,0
70593,0
70594,0
70595,0
70596,2
70597,2
70598,2
70599,2
70600,2
70601,2
70602,0
70603,2
70604,2
70605,2
70606,2
70607,0
70608,0
70609,0
70610,0
70611,0
70612,0
70613,2
70614,2
70615,0
70616,0
70617,2
70618,2
70619,2
70620,2
70621,2
70622,2
70623,0
70624,2
70625,0
70626,0
70627,2
70628,0
70629,0
70630,2
70631,2
70632,0
70633,2
70634,2
70635,0
70636,0
70637,0
70638,0
70639,0
70640,2
70641,2
70642,2
70643,2
70644,2
70645,2
70646,2
70647,2
70648,0
70649,2
70650,0
70651,2
70652,0
70653,0
70654,0
70655,2
70656,0
70657,2
70658,0
70659,2
70660,0
70661,0
70662,2
70663,0
70664,2
70665,0
70666,2
70667,2
70668,2
70669,2
70670,2
70671,2
70672,0
70673,0
70674,0
70675,0
70676,0
70677,0
70678,2
70679,2
70680,2
70681,2
70682,0
70683,0
70684,2
70685,2
70686,2
70687,0
70688,0
70689,0
70690,0
70691,0
70692,0
70693,0
70694,0
70695,0
70696,0
70697,0
70698,0
70699,0
70700,0
70701,0
70702,0
70703,0
70704,0
70705,0
70706,0
70707,2
70708,2
70709,2
70710,0
70711,2
70712,2
70713,2
70714,2
70715,2
70716,0
70717,0
70718,0
70719,0
70720,0
70721,0
70722,0
70723,0
70724,2
70725,0
70726,0
70727,0
70728,0
70729,0
70730,0
70731,0
70732,0
70733,2
70734,0
70735,2
70736,2
70737,0
70738,2
70739,0
70740,2
70741,0
70742,2
70743,2
70744,0
70745,0
70746,0
70747,0
70748,0
70749,0
70750,2
70751,0
70752,0
70753,0
70754,2
70755,2
70756,2
70757,2
70758,2
70759,2
70760,0
70761,2
70762,0
70763,0
70764,2
70765,0
70766,0
70767,0
70768,0
70769,0
70770,0
70771,2
70772,0
70773,0
70774,0
70775,0
70776,0
70777,2
70778,2
70779,2
70780,2
70781,2
70782,2
70783,2
70784,2
70785,0
70786,2
70787,0
70788,0
70789,0
70790,0
70791,0
70792,0
70793,0
70794,2
70795,2
70796,2
70797,0
70798,0
70799,2
70800,0
70801,2
70802,0
70803,2
70804,2
70805,0
70806,2
70807,2
70808,0
70809,0
70810,0
70811,2
70812,0
70813,0
70814,0
70815,0
70816,2
70817,2
70818,0
70819,0
70820,0
70821,2
70822,2
70823,0
70824,0
70825,0
70826,0
70827,0
70828,0
70829,0
70830,0
70831,0
70832,0
70833,0
70834,0
70835,0
70836,0
70837,0
70838,0
70839,0
70840,0
70841,0
70842,0
70843,0
70844,2
70845,0
70846,0
70847,0
70848,2
70849,2
70850,2
70851,2
70852,0
70853,0
70854,0
70855,0
70856,0
70857,0
70858,0
70859,0
70860,0
70861,2
70862,0
70863,0
70864,0
70865,0
70866,0
70867,0
70868,0
70869,0
70870,2
70871,0
70872,2
70873,2
70874,0
70875,2
70876,0
70877,2
70878,0
70879,0
70880,0
70881,0
70882,0
70883,0
70884,0
70885,0
70886,0
70887,2
70888,0
70889,0
70890,0
70891,2
70892,2
70893,2
70894,2
70895,2
70896,2
70897,0
70898,2
70899,0
70900,0
70901,0
70902,0
70903,0
70904,0
70905,0
70906,0
70907,0
70908,2
70909,0
70910,0
70911,0
70912,0
70913,0
70914,2
70915,2
70916,2
70917,2
70918,2
70919,2
70920,2
70921,0
70922,0
70923,0
70924,0
70925,0
70926,0
70927,0
70928,0
70929,0
70930,0
70931,2
70932,0
70933,2
70934,0
70935,0
70936,2
70937,0
70938,0
70939,0
70940,2
70941,2
70942,0
70943,0
70944,2
70945,0
70946,0
70947,0
70948,0
70949,0
70950,0
70951,0
70952,0
70953,0
70954,0
70955,0
70956,0
70957,0
70958,2
70959,2
70960,0
70961,0
70962,0
70963,0
70964,0
70965,0
70966,0
70967,0
70968,0
70969,0
70970,0
70971,0
70972,0
70973,0
70974,0
70975,0
70976,0
70977,0
70978,0
70979,0
70980,0
70981,2
70982,2
70983,2
70984,2
70985,2
70986,2
70987,2
70988,2
70989,2
70990,0
70991,0
70992,0
70993,0
70994,0
70995,0
70996,0
70997,0
70998,2
70999,0
71000,0
71001,0
71002,2
71003,0
71004,0
71005,2
71006,0
71007,2
71008,0
71009,2
71010,2
71011,0
71012,2
71013,0
71014,2
71015,0
71016,2
71017,2
71018,0
71019,0
71020,0
71021,0
71022,2
71023,0
71024,2
71025,0
71026,0
71027,2
71028,2
71029,2
71030,2
71031,2
71032,2
71033,2
71034,0
71035,2
71036,2
71037,0
71038,2
71039,0
71040,0
71041,2
71042,2
71043,0
71044,2
71045,2
71046,0
71047,0
71048,2
71049,0
71050,0
71051,2
71052,2
71053,2
71054,2
71055,2
71056,2
71057,2
71058,2
71059,0
71060,2
71061,0
71062,2
71063,0
71064,0
71065,0
71066,2
71067,0
71068,2
71069,2
71070,2
71071,0
71072,0
71073,2
71074,0
71075,2
71076,0
71077,2
71078,2
71079,0
71080,2
71081,2
71082,2
71083,0
71084,0
71085,2
71086,0
71087,0
71088,0
71089,0
71090,2
71091,2
71092,2
71093,0
71094,0
71095,2
71096,2
71097,2
71098,2
71099,0
71100,0
71101,2
71102,0
71103,0
71104,0
71105,0
71106,0
71107,0
71108,2
71109,0
71110,0
71111,0
71112,0
71113,0
71114,0
71115,0
71116,0
71117,0
71118,2
71119,2
71120,2
71121,2
71122,2
71123,2
71124,2
71125,2
71126,2
71127,0
71128,0
71129,0
71130,0
71131,2
71132,0
71133,0
71134,0
71135,2
71136,0
71137,0
71138,0
71139,1
71140,0
71141,1
71142,1
71143,2
71144,2
71145,0
71146,2
71147,2
71148,0
71149,2
71150,0
71151,2
71152,2
71153,2
71154,2
71155,0
71156,0
71157,0
71158,0
71159,0
71160,1
71161,1
71162,0
71163,0
71164,0
71165,2
71166,2
71167,2
71168,2
71169,2
71170,2
71171,0
71172,2
71173,1
71174,0
71175,2
71176,0
71177,0
71178,1
71179,2
71180,0
71181,0
71182,0
71183,0
71184,0
71185,0
71186,0
71187,0
71188,2
71189,2
71190,2
71191,2
71192,2
71193,2
71194,2
71195,2
71196,0
71197,2
71198,1
71199,0
71200,0
71201,0
71202,0
71203,1
71204,0
71205,2
71206,2
71207,2
71208,0
71209,0
71210,1
71211,0
71212,2
71213,2
71214,2
71215,2
71216,0
71217,2
71218,2
71219,2
71220,0
71221,0
71222,0
71223,1
71224,0
71225,0
71226,2
71227,2
71228,2
71229,0
71230,0
71231,0
71232,2
71233,0
71234,2
71235,0
71236,0
71237,0
71238,0
71239,0
71240,0
71241,2
71242,2
71243,0
71244,0
71245,2
71246,0
71247,2
71248,2
71249,0
71250,0
71251,2
71252,2
71253,2
71254,0
71255,2
71256,2
71257,2
71258,2
71259,2
71260,2
71261,2
71262,2
71263,2
71264,0
71265,0
71266,0
71267,0
71268,2
71269,2
71270,0
71271,0
71272,2
71273,0
71274,0
71275,2
71276,2
71277,2
71278,0
71279,2
71280,2
71281,2
71282,2
71283,2
71284,2
71285,2
71286,2
71287,0
71288,2
71289,2
71290,2
71291,2
71292,0
71293,2
71294,0
71295,0
71296,0
71297,2
71298,2
71299,2
71300,2
71301,2
71302,2
71303,2
71304,2
71305,2
71306,2
71307,2
71308,2
71309,2
71310,2
71311,2
71312,2
71313,0
71314,0
71315,2
71316,2
71317,2
71318,2
71319,2
71320,2
71321,0
71322,2
71323,2
71324,2
71325,2
71326,2
71327,2
71328,2
71329,2
71330,2
71331,2
71332,2
71333,0
71334,2
71335,2
71336,2
71337,0
71338,0
71339,0
71340,2
71341,0
71342,2
71343,2
71344,2
71345,0
71346,0
71347,2
71348,0
71349,2
71350,2
71351,2
71352,2
71353,2
71354,2
71355,2
71356,2
71357,2
71358,2
71359,2
71360,2
71361,0
71362,0
71363,2
71364,2
71365,2
71366,2
71367,0
71368,0
71369,2
71370,2
71371,2
71372,2
71373,2
71374,2
71375,2
71376,2
71377,0
71378,0
71379,0
71380,0
71381,0
71382,0
71383,0
71384,0
71385,0
71386,0
71387,0
71388,0
71389,0
71390,0
71391,0
71392,2
71393,2
71394,2
71395,2
71396,2
71397,2
71398,2
71399,2
71400,2
71401,0
71402,0
71403,0
71404,0
71405,0
71406,0
71407,0
71408,0
71409,2
71410,0
71411,0
71412,0
71413,0
71414,0
71415,0
71416,0
71417,0
71418,2
71419,0
71420,2
71421,2
71422,0
71423,2
71424,0
71425,2
71426,0
71427,0
71428,2
71429,0
71430,0
71431,0
71432,0
71433,0
71434,0
71435,2
71436,0
71437,0
71438,0
71439,2
71440,2
71441,2
71442,2
71443,2
71444,2
71445,0
71446,2
71447,0
71448,0
71449,2
71450,0
71451,0
71452,0
71453,0
71454,0
71455,0
71456,2
71457,0
71458,0
71459,0
71460,0
71461,0
71462,2
71463,2
71464,2
71465,2
71466,2
71467,2
71468,2
71469,2
71470,0
71471,2
71472,0
71473,0
71474,0
71475,0
71476,0
71477,0
71478,0
71479,2
71480,2
71481,2
71482,0
71483,0
71484,0
71485,0
71486,2
71487,0
71488,2
71489,2
71490,0
71491,2
71492,2
71493,0
71494,0
71495,0
71496,0
71497,0
71498,0
71499,0
71500,0
71501,2
71502,2
71503,0
71504,0
71505,0
71506,2
71507,2
71508,2
71509,0
71510,0
71511,0
71512,0
71513,0
71514,0
71515,0
71516,0
71517,0
71518,0
71519,2
71520,0
71521,0
71522,0
71523,0
71524,0
71525,0
71526,0
71527,0
71528,0
71529,2
71530,2
71531,2
71532,2
71533,2
71534,2
71535,2
71536,2
71537,2
71538,0
71539,0
71540,0
71541,0
71542,2
71543,0
71544,0
71545,0
71546,2
71547,0
71548,0
71549,2
71550,0
71551,0
71552,0
71553,0
71554,2
71555,2
71556,0
71557,2
71558,2
71559,0
71560,2
71561,0
71562,2
71563,2
71564,2
71565,2
71566,0
71567,0
71568,0
71569,0
71570,0
71571,0
71572,2
71573,0
71574,0
71575,0
71576,2
71577,2
71578,2
71579,2
71580,2
71581,2
71582,0
71583,2
71584,0
71585,0
71586,2
71587,0
71588,0
71589,0
71590,2
71591,0
71592,2
71593,2
71594,0
71595,0
71596,0
71597,0
71598,0
71599,2
71600,2
71601,2
71602,2
71603,2
71604,2
71605,2
71606,2
71607,0
71608,2
71609,0
71610,0
71611,0
71612,0
71613,0
71614,0
71615,0
71616,2
71617,2
71618,2
71619,0
71620,0
71621,2
71622,0
71623,2
71624,2
71625,2
71626,2
71627,2
71628,2
71629,2
71630,2
71631,0
71632,2
71633,2
71634,0
71635,0
71636,0
71637,0
71638,2
71639,2
71640,2
71641,0
71642,0
71643,2
71644,2
71645,2
71646,2
71647,0
71648,0
71649,0
71650,0
71651,0
71652,0
71653,0
71654,0
71655,0
71656,2
71657,0
71658,0
71659,0
71660,0
71661,0
71662,0
71663,0
71664,0
71665,0
71666,2
71667,2
71668,2
71669,2
71670,2
71671,2
71672,2
71673,2
71674,2
71675,0
71676,0
71677,0
71678,0
71679,2
71680,2
71681,0
71682,0
71683,2
71684,0
71685,0
71686,2
71687,2
71688,0
71689,1
71690,1
71691,2
71692,2
71693,2
71694,2
71695,2
71696,2
71697,2
71698,0
71699,2
71700,2
71701,2
71702,2
71703,0
71704,0
71705,0
71706,0
71707,0
71708,2
71709,2
71710,2
71711,0
71712,2
71713,2
71714,2
71715,2
71716,2
71717,2
71718,2
71719,2
71720,2
71721,2
71722,0
71723,2
71724,0
71725,0
71726,2
71727,2
71728,2
71729,2
71730,2
71731,2
71732,0
71733,2
71734,0
71735,0
71736,2
71737,2
71738,2
71739,2
71740,2
71741,2
71742,2
71743,2
71744,0
71745,2
71746,1
71747,2
71748,0
71749,0
71750,0
71751,2
71752,0
71753,2
71754,2
71755,2
71756,0
71757,0
71758,2
71759,0
71760,0
71761,2
71762,2
71763,2
71764,2
71765,2
71766,2
71767,2
71768,1
71769,2
71770,2
71771,1
71772,0
71773,2
71774,2
71775,2
71776,0
71777,2
71778,0
71779,0
71780,2
71781,2
71782,2
71783,0
71784,0
71785,2
71786,0
71787,0
71788,0
71789,0
71790,0
71791,0
71792,0
71793,2
71794,0
71795,0
71796,0
71797,0
71798,0
71799,0
71800,0
71801,0
71802,0
71803,2
71804,2
71805,2
71806,2
71807,0
71808,2
71809,2
71810,2
71811,2
71812,0
71813,0
71814,0
71815,0
71816,0
71817,0
71818,0
71819,0
71820,2
71821,0
71822,0
71823,2
71824,0
71825,0
71826,0
71827,0
71828,0
71829,2
71830,0
71831,2
71832,2
71833,2
71834,2
71835,0
71836,2
71837,0
71838,0
71839,0
71840,0
71841,0
71842,0
71843,0
71844,2
71845,0
71846,2
71847,2
71848,0
71849,2
71850,2
71851,2
71852,2
71853,2
71854,2
71855,2
71856,0
71857,2
71858,2
71859,1
71860,2
71861,0
71862,0
71863,2
71864,2
71865,0
71866,2
71867,2
71868,0
71869,0
71870,0
71871,0
71872,0
71873,2
71874,2
71875,2
71876,2
71877,0
71878,2
71879,2
71880,2
71881,0
71882,2
71883,1
71884,2
71885,0
71886,0
71887,0
71888,2
71889,0
71890,0
71891,2
71892,2
71893,0
71894,0
71895,2
71896,0
71897,2
71898,0
71899,2
71900,2
71901,0
71902,0
71903,2
71904,0
71905,0
71906,2
71907,2
71908,0
71909,0
71910,0
71911,0
71912,2
71913,2
71914,2
71915,0
71916,0
71917,0
71918,2
71919,0
71920,2
71921,0
71922,0
71923,2
71924,2
71925,0
71926,0
71927,0
71928,0
71929,0
71930,2
71931,0
71932,0
71933,0
71934,0
71935,0
71936,0
71937,0
71938,0
71939,0
71940,2
71941,2
71942,2
71943,2
71944,2
71945,2
71946,2
71947,2
71948,2
71949,0
71950,0
71951,0
71952,0
71953,2
71954,0
71955,0
71956,0
71957,2
71958,0
71959,0
71960,2
71961,2
71962,0
71963,0
71964,0
71965,2
71966,2
71967,0
71968,2
71969,2
71970,2
71971,2
71972,0
71973,2
71974,0
71975,2
71976,2
71977,0
71978,0
71979,0
71980,0
71981,2
71982,2
71983,2
71984,2
71985,0
71986,2
71987,2
71988,2
71989,2
71990,2
71991,2
71992,2
71993,2
71994,2
71995,2
71996,2
71997,2
71998,0
71999,0
72000,2
72001,2
72002,0
72003,2
72004,2
72005,0
72006,0
72007,2
72008,0
72009,0
72010,2
72011,2
72012,2
72013,2
72014,2
72015,2
72016,2
72017,2
72018,0
72019,2
72020,1
72021,2
72022,0
72023,0
72024,0
72025,2
72026,0
72027,2
72028,2
72029,2
72030,0
72031,0
72032,2
72033,0
72034,2
72035,2
72036,2
72037,2
72038,2
72039,2
72040,2
72041,2
72042,2
72043,2
72044,2
72045,0
72046,0
72047,0
72048,0
72049,2
72050,2
72051,2
72052,0
72053,0
72054,2
72055,2
72056,2
72057,2
72058,0
72059,0
72060,2
72061,2
72062,0
72063,0
72064,0
72065,0
72066,0
72067,2
72068,0
72069,0
72070,0
72071,0
72072,0
72073,0
72074,0
72075,0
72076,0
72077,2
72078,2
72079,2
72080,2
72081,2
72082,2
72083,2
72084,2
72085,2
72086,0
72087,0
72088,0
72089,0
72090,0
72091,0
72092,0
72093,0
72094,2
72095,0
72096,0
72097,2
72098,0
72099,0
72100,0
72101,0
72102,2
72103,2
72104,0
72105,2
72106,2
72107,0
72108,2
72109,0
72110,2
72111,0
72112,2
72113,2
72114,0
72115,0
72116,0
72117,0
72118,0
72119,0
72120,2
72121,0
72122,0
72123,0
72124,2
72125,2
72126,2
72127,2
72128,2
72129,2
72130,0
72131,2
72132,0
72133,0
72134,2
72135,0
72136,0
72137,0
72138,2
72139,0
72140,0
72141,2
72142,0
72143,0
72144,0
72145,0
72146,0
72147,2
72148,2
72149,2
72150,2
72151,2
72152,2
72153,2
72154,2
72155,0
72156,2
72157,0
72158,0
72159,0
72160,0
72161,0
72162,0
72163,0
72164,2
72165,2
72166,2
72167,0
72168,0
72169,0
72170,0
72171,2
72172,0
72173,2
72174,2
72175,2
72176,2
72177,2
72178,2
72179,0
72180,0
72181,0
72182,0
72183,0
72184,0
72185,2
72186,2
72187,2
72188,0
72189,0
72190,0
72191,2
72192,2
72193,2
72194,2
72195,0
72196,0
72197,0
72198,0
72199,0
72200,0
72201,0
72202,0
72203,0
72204,2
72205,0
72206,0
72207,0
72208,0
72209,0
72210,0
72211,0
72212,0
72213,0
72214,2
72215,2
72216,2
72217,2
72218,2
72219,2
72220,2
72221,2
72222,2
72223,0
72224,0
72225,0
72226,0
72227,2
72228,0
72229,0
72230,0
72231,2
72232,0
72233,0
72234,2
72235,1
72236,0
72237,1
72238,1
72239,2
72240,2
72241,0
72242,2
72243,2
72244,2
72245,2
72246,0
72247,2
72248,2
72249,2
72250,2
72251,0
72252,0
72253,0
72254,0
72255,1
72256,1
72257,2
72258,1
72259,0
72260,1
72261,2
72262,2
72263,2
72264,2
72265,2
72266,2
72267,0
72268,2
72269,1
72270,0
72271,2
72272,0
72273,0
72274,1
72275,2
72276,0
72277,2
72278,2
72279,0
72280,0
72281,2
72282,0
72283,0
72284,2
72285,2
72286,2
72287,2
72288,2
72289,2
72290,2
72291,2
72292,0
72293,2
72294,1
72295,2
72296,0
72297,0
72298,0
72299,2
72300,0
72301,2
72302,2
72303,2
72304,0
72305,0
72306,2
72307,0
72308,2
72309,2
72310,2
72311,2
72312,2
72313,2
72314,2
72315,2
72316,0
72317,2
72318,2
72319,1
72320,0
72321,0
72322,2
72323,2
72324,2
72325,2
72326,0
72327,0
72328,2
72329,2
72330,2
72331,2
72332,0
72333,0
72334,0
72335,0
72336,0
72337,0
72338,0
72339,0
72340,0
72341,0
72342,0
72343,0
72344,0
72345,0
72346,0
72347,0
72348,0
72349,0
72350,0
72351,2
72352,2
72353,2
72354,2
72355,2
72356,2
72357,2
72358,2
72359,2
72360,0
72361,0
72362,0
72363,0
72364,0
72365,0
72366,0
72367,0
72368,2
72369,0
72370,0
72371,0
72372,0
72373,0
72374,0
72375,0
72376,2
72377,2
72378,0
72379,2
72380,2
72381,0
72382,2
72383,0
72384,2
72385,0
72386,2
72387,2
72388,0
72389,0
72390,0
72391,0
72392,0
72393,0
72394,2
72395,2
72396,0
72397,0
72398,2
72399,2
72400,2
72401,2
72402,2
72403,2
72404,0
72405,2
72406,2
72407,0
72408,2
72409,0
72410,0
72411,0
72412,2
72413,0
72414,0
72415,2
72416,0
72417,0
72418,0
72419,0
72420,0
72421,2
72422,2
72423,2
72424,2
72425,2
72426,2
72427,2
72428,2
72429,0
72430,2
72431,0
72432,0
72433,0
72434,0
72435,0
72436,2
72437,0
72438,2
72439,2
72440,2
72441,0
72442,0
72443,2
72444,0
72445,2
72446,0
72447,2
72448,2
72449,2
72450,2
72451,2
72452,0
72453,0
72454,2
72455,2
72456,0
72457,0
72458,0
72459,0
72460,2
72461,2
72462,2
72463,0
72464,0
72465,2
72466,2
72467,2
72468,2
72469,0
72470,0
72471,0
72472,0
72473,0
72474,0
72475,0
72476,0
72477,0
72478,2
72479,0
72480,0
72481,0
72482,0
72483,0
72484,0
72485,0
72486,0
72487,0
72488,2
72489,2
72490,2
72491,2
72492,2
72493,2
72494,2
72495,2
72496,2
72497,0
72498,0
72499,0
72500,0
72501,0
72502,0
72503,0
72504,0
72505,2
72506,0
72507,0
72508,2
72509,1
72510,0
72511,1
72512,1
72513,0
72514,2
72515,0
72516,2
72517,2
72518,2
72519,2
72520,0
72521,2
72522,2
72523,2
72524,2
72525,0
72526,0
72527,0
72528,0
72529,1
72530,1
72531,1
72532,1
72533,0
72534,1
72535,2
72536,2
72537,2
72538,2
72539,2
72540,2
72541,0
72542,2
72543,1
72544,0
72545,2
72546,0
72547,0
72548,1
72549,2
72550,1
72551,2
72552,2
72553,1
72554,0
72555,1
72556,0
72557,0
72558,2
72559,2
72560,2
72561,2
72562,2
72563,2
72564,2
72565,2
72566,0
72567,2
72568,1
72569,2
72570,0
72571,0
72572,0
72573,1
72574,0
72575,2
72576,2
72577,2
72578,0
72579,0
72580,1
72581,0
72582,2
72583,2
72584,2
72585,2
72586,2
72587,2
72588,2
72589,0
72590,1
72591,2
72592,1
72593,1
72594,0
72595,0
72596,2
72597,2
72598,2
72599,0
72600,0
72601,0
72602,2
72603,2
72604,2
72605,2
72606,0
72607,0
72608,0
72609,2
72610,0
72611,0
72612,0
72613,0
72614,0
72615,0
72616,0
72617,0
72618,0
72619,0
72620,0
72621,0
72622,0
72623,0
72624,0
72625,2
72626,2
72627,2
72628,2
72629,2
72630,2
72631,2
72632,2
72633,2
72634,0
72635,0
72636,0
72637,0
72638,0
72639,0
72640,0
72641,0
72642,2
72643,0
72644,0
72645,2
72646,0
72647,0
72648,0
72649,0
72650,2
72651,2
72652,2
72653,2
72654,2
72655,0
72656,2
72657,0
72658,2
72659,0
72660,2
72661,2
72662,0
72663,0
72664,0
72665,0
72666,0
72667,0
72668,2
72669,2
72670,0
72671,0
72672,2
72673,2
72674,2
72675,2
72676,2
72677,2
72678,0
72679,2
72680,0
72681,0
72682,2
72683,0
72684,0
72685,2
72686,2
72687,0
72688,2
72689,2
72690,0
72691,0
72692,0
72693,0
72694,0
72695,2
72696,2
72697,2
72698,2
72699,2
72700,2
72701,2
72702,2
72703,0
72704,2
72705,0
72706,2
72707,0
72708,0
72709,0
72710,0
72711,0
72712,2
72713,2
72714,2
72715,0
72716,0
72717,2
72718,0
72719,0
72720,0
72721,2
72722,2
72723,0
72724,2
72725,2
72726,2
72727,0
72728,0
72729,0
72730,0
72731,0
72732,0
72733,0
72734,2
72735,2
72736,2
72737,0
72738,0
72739,2
72740,2
72741,2
72742,0
72743,0
72744,0
72745,0
72746,2
72747,0
72748,0
72749,0
72750,0
72751,0
72752,2
72753,0
72754,0
72755,0
72756,0
72757,0
72758,0
72759,0
72760,0
72761,0
72762,2
72763,2
72764,2
72765,2
72766,2
72767,2
72768,2
72769,2
72770,2
72771,0
72772,0
72773,0
72774,0
72775,2
72776,0
72777,0
72778,0
72779,2
72780,0
72781,0
72782,2
72783,1
72784,0
72785,0
72786,1
72787,2
72788,2
72789,2
72790,2
72791,2
72792,2
72793,2
72794,0
72795,2
72796,2
72797,2
72798,2
72799,0
72800,0
72801,0
72802,0
72803,1
72804,1
72805,2
72806,0
72807,0
72808,1
72809,2
72810,2
72811,2
72812,2
72813,2
72814,2
72815,2
72816,2
72817,1
72818,0
72819,2
72820,0
72821,0
72822,1
72823,2
72824,2
72825,2
72826,2
72827,0
72828,0
72829,2
72830,0
72831,0
72832,2
72833,2
72834,2
72835,2
72836,2
72837,2
72838,2
72839,2
72840,0
72841,2
72842,1
72843,2
72844,0
72845,0
72846,0
72847,1
72848,0
72849,2
72850,2
72851,2
72852,0
72853,0
72854,1
72855,0
72856,2
72857,2
72858,2
72859,2
72860,2
72861,2
72862,2
72863,2
72864,0
72865,2
72866,2
72867,0
72868,0
72869,0
72870,0
72871,2
72872,2
72873,2
72874,0
72875,0
72876,2
72877,2
72878,2
72879,2
72880,0
72881,0
72882,0
72883,0
72884,0
72885,0
72886,0
72887,0
72888,0
72889,2
72890,0
72891,0
72892,0
72893,0
72894,0
72895,0
72896,0
72897,0
72898,0
72899,2
72900,2
72901,2
72902,2
72903,2
72904,2
72905,2
72906,2
72907,2
72908,0
72909,0
72910,0
72911,0
72912,0
72913,0
72914,0
72915,0
72916,2
72917,0
72918,0
72919,0
72920,0
72921,0
72922,0
72923,0
72924,0
72925,2
72926,0
72927,2
72928,2
72929,0
72930,2
72931,0
72932,2
72933,0
72934,2
72935,2
72936,0
72937,0
72938,0
72939,0
72940,0
72941,0
72942,2
72943,0
72944,0
72945,0
72946,2
72947,2
72948,2
72949,2
72950,2
72951,2
72952,0
72953,2
72954,0
72955,0
72956,2
72957,0
72958,0
72959,0
72960,2
72961,0
72962,0
72963,2
72964,0
72965,0
72966,2
72967,0
72968,0
72969,2
72970,2
72971,2
72972,2
72973,2
72974,2
72975,2
72976,2
72977,0
72978,2
72979,1
72980,0
72981,0
72982,0
72983,0
72984,0
72985,0
72986,2
72987,2
72988,2
72989,0
72990,0
72991,2
72992,0
72993,2
72994,0
72995,2
72996,2
72997,2
72998,0
72999,2
73000,2
73001,0
73002,0
73003,2
73004,0
73005,0
73006,0
73007,0
73008,2
73009,2
73010,0
73011,0
73012,0
73013,0
73014,2
73015,2
73016,0
73017,0
73018,0
73019,0
73020,0
73021,0
73022,0
73023,0
73024,0
73025,0
73026,0
73027,0
73028,0
73029,0
73030,0
73031,0
73032,0
73033,0
73034,0
73035,0
73036,2
73037,2
73038,2
73039,2
73040,2
73041,2
73042,2
73043,2
73044,2
73045,0
73046,0
73047,0
73048,0
73049,0
73050,0
73051,0
73052,0
73053,2
73054,0
73055,0
73056,2
73057,0
73058,0
73059,0
73060,0
73061,2
73062,2
73063,0
73064,2
73065,2
73066,0
73067,2
73068,0
73069,2
73070,0
73071,2
73072,2
73073,0
73074,0
73075,0
73076,0
73077,0
73078,0
73079,2
73080,0
73081,0
73082,2
73083,2
73084,2
73085,2
73086,2
73087,2
73088,2
73089,0
73090,2
73091,0
73092,0
73093,2
73094,0
73095,0
73096,0
73097,2
73098,0
73099,2
73100,2
73101,0
73102,0
73103,2
73104,0
73105,0
73106,2
73107,2
73108,2
73109,2
73110,2
73111,2
73112,2
73113,2
73114,0
73115,2
73116,0
73117,2
73118,0
73119,0
73120,0
73121,0
73122,0
73123,2
73124,2
73125,2
73126,0
73127,0
73128,2
73129,0
73130,2
73131,0
73132,2
73133,2
73134,0
73135,2
73136,2
73137,0
73138,0
73139,2
73140,2
73141,0
73142,0
73143,0
73144,0
73145,2
73146,2
73147,0
73148,0
73149,0
73150,2
73151,2
73152,2
73153,0
73154,0
73155,0
73156,0
73157,0
73158,0
73159,0
73160,0
73161,0
73162,0
73163,0
73164,0
73165,0
73166,0
73167,0
73168,0
73169,0
73170,0
73171,0
73172,0
73173,2
73174,2
73175,2
73176,2
73177,2
73178,2
73179,2
73180,2
73181,2
73182,0
73183,0
73184,0
73185,0
73186,0
73187,0
73188,0
73189,0
73190,2
73191,0
73192,0
73193,2
73194,0
73195,0
73196,0
73197,0
73198,2
73199,2
73200,0
73201,2
73202,2
73203,0
73204,2
73205,0
73206,2
73207,2
73208,2
73209,2
73210,0
73211,0
73212,0
73213,0
73214,0
73215,0
73216,2
73217,0
73218,0
73219,0
73220,2
73221,2
73222,2
73223,2
73224,2
73225,2
73226,0
73227,2
73228,0
73229,0
73230,2
73231,0
73232,0
73233,0
73234,2
73235,0
73236,0
73237,2
73238,0
73239,0
73240,0
73241,0
73242,0
73243,2
73244,2
73245,2
73246,2
73247,2
73248,2
73249,2
73250,2
73251,0
73252,2
73253,0
73254,0
73255,0
73256,0
73257,0
73258,1
73259,0
73260,2
73261,2
73262,2
73263,0
73264,0
73265,1
73266,0
73267,2
73268,0
73269,2
73270,2
73271,2
73272,2
73273,2
73274,2
73275,0
73276,2
73277,2
73278,0
73279,0
73280,0
73281,0
73282,2
73283,2
73284,2
73285,0
73286,0
73287,2
73288,2
73289,2
73290,2
73291,0
73292,0
73293,0
73294,0
73295,0
73296,0
73297,0
73298,0
73299,0
73300,2
73301,0
73302,0
73303,0
73304,0
73305,0
73306,0
73307,0
73308,0
73309,0
73310,2
73311,2
73312,2
73313,2
73314,2
73315,2
73316,2
73317,2
73318,2
73319,0
73320,0
73321,0
73322,0
73323,1
73324,0
73325,0
73326,0
73327,2
73328,0
73329,0
73330,2
73331,0
73332,0
73333,0
73334,0
73335,2
73336,2
73337,0
73338,2
73339,2
73340,0
73341,2
73342,0
73343,2
73344,2
73345,2
73346,2
73347,0
73348,0
73349,0
73350,0
73351,0
73352,0
73353,0
73354,0
73355,0
73356,0
73357,2
73358,2
73359,2
73360,2
73361,2
73362,2
73363,0
73364,2
73365,0
73366,0
73367,2
73368,0
73369,0
73370,1
73371,0
73372,0
73373,0
73374,2
73375,0
73376,0
73377,0
73378,0
73379,0
73380,2
73381,2
73382,2
73383,2
73384,2
73385,2
73386,2
73387,2
73388,0
73389,2
73390,0
73391,0
73392,0
73393,0
73394,0
73395,0
73396,0
73397,2
73398,2
73399,2
73400,0
73401,0
73402,0
73403,0
73404,2
73405,2
73406,2
73407,2
73408,0
73409,2
73410,2
73411,2
73412,0
73413,0
73414,0
73415,1
73416,0
73417,0
73418,2
73419,2
73420,2
73421,0
73422,0
73423,0
73424,2
73425,2
73426,2
73427,2
73428,0
73429,0
73430,0
73431,0
73432,0
73433,0
73434,0
73435,0
73436,0
73437,2
73438,0
73439,0
73440,0
73441,0
73442,0
73443,0
73444,0
73445,0
73446,0
73447,2
73448,2
73449,2
73450,2
73451,2
73452,2
73453,2
73454,2
73455,2
73456,0
73457,0
73458,0
73459,0
73460,2
73461,0
73462,0
73463,0
73464,2
73465,0
73466,0
73467,2
73468,1
73469,0
73470,1
73471,1
73472,2
73473,2
73474,0
73475,2
73476,2
73477,2
73478,2
73479,0
73480,2
73481,2
73482,2
73483,2
73484,0
73485,0
73486,0
73487,0
73488,1
73489,1
73490,2
73491,1
73492,0
73493,1
73494,2
73495,2
73496,2
73497,2
73498,2
73499,2
73500,0
73501,2
73502,1
73503,0
73504,2
73505,0
73506,0
73507,1
73508,2
73509,0
73510,2
73511,2
73512,1
73513,0
73514,2
73515,0
73516,0
73517,2
73518,2
73519,2
73520,2
73521,2
73522,2
73523,2
73524,2
73525,0
73526,2
73527,1
73528,2
73529,0
73530,0
73531,0
73532,1
73533,0
73534,2
73535,2
73536,2
73537,0
73538,0
73539,1
73540,0
73541,2
73542,1
73543,2
73544,2
73545,2
73546,2
73547,2
73548,2
73549,1
73550,2
73551,1
73552,1
73553,0
73554,0
73555,2
73556,2
73557,2
73558,0
73559,0
73560,0
73561,2
73562,2
73563,2
73564,2
73565,0
73566,0
73567,0
73568,0
73569,0
73570,0
73571,0
73572,0
73573,0
73574,2
73575,0
73576,0
73577,0
73578,0
73579,0
73580,0
73581,0
73582,0
73583,0
73584,2
73585,2
73586,2
73587,2
73588,2
73589,2
73590,2
73591,2
73592,2
73593,0
73594,0
73595,0
73596,0
73597,0
73598,0
73599,0
73600,0
73601,2
73602,0
73603,0
73604,2
73605,1
73606,0
73607,0
73608,0
73609,0
73610,2
73611,0
73612,2
73613,2
73614,2
73615,2
73616,0
73617,2
73618,0
73619,2
73620,2
73621,0
73622,0
73623,0
73624,0
73625,1
73626,0
73627,2
73628,0
73629,0
73630,1
73631,2
73632,2
73633,2
73634,2
73635,2
73636,2
73637,0
73638,2
73639,1
73640,0
73641,2
73642,0
73643,0
73644,1
73645,2
73646,0
73647,2
73648,2
73649,0
73650,0
73651,2
73652,0
73653,0
73654,2
73655,2
73656,2
73657,2
73658,2
73659,2
73660,2
73661,2
73662,0
73663,2
73664,1
73665,2
73666,0
73667,0
73668,0
73669,2
73670,0
73671,2
73672,2
73673,2
73674,0
73675,0
73676,2
73677,0
73678,2
73679,0
73680,2
73681,2
73682,2
73683,0
73684,2
73685,2
73686,0
73687,2
73688,2
73689,0
73690,0
73691,0
73692,0
73693,2
73694,2
73695,2
73696,0
73697,0
73698,2
73699,2
73700,2
73701,2
73702,0
73703,0
73704,0
73705,0
73706,0
73707,0
73708,0
73709,0
73710,0
73711,0
73712,0
73713,0
73714,0
73715,0
73716,0
73717,0
73718,0
73719,0
73720,0
73721,2
73722,2
73723,2
73724,2
73725,2
73726,2
73727,2
73728,2
73729,2
73730,0
73731,0
73732,0
73733,0
73734,0
73735,0
73736,0
73737,0
73738,2
73739,0
73740,0
73741,0
73742,0
73743,0
73744,0
73745,0
73746,0
73747,2
73748,0
73749,2
73750,2
73751,0
73752,2
73753,0
73754,2
73755,0
73756,2
73757,2
73758,0
73759,0
73760,0
73761,0
73762,0
73763,0
73764,2
73765,2
73766,0
73767,0
73768,2
73769,2
73770,2
73771,2
73772,2
73773,2
73774,0
73775,2
73776,2
73777,0
73778,2
73779,0
73780,0
73781,0
73782,2
73783,0
73784,2
73785,2
73786,0
73787,0
73788,0
73789,0
73790,0
73791,2
73792,2
73793,2
73794,2
73795,2
73796,2
73797,2
73798,2
73799,0
73800,2
73801,0
73802,2
73803,0
73804,0
73805,0
73806,2
73807,0
73808,2
73809,2
73810,2
73811,0
73812,0
73813,2
73814,0
73815,2
73816,0
73817,2
73818,2
73819,0
73820,2
73821,2
73822,2
73823,0
73824,2
73825,2
73826,0
73827,0
73828,0
73829,0
73830,2
73831,2
73832,2
73833,0
73834,0
73835,2
73836,2
73837,2
73838,2
73839,0
73840,0
73841,0
73842,0
73843,0
73844,0
73845,0
73846,0
73847,0
73848,0
73849,0
73850,0
73851,0
73852,0
73853,0
73854,0
73855,0
73856,0
73857,0
73858,2
73859,2
73860,2
73861,2
73862,2
73863,2
73864,2
73865,2
73866,2
73867,0
73868,0
73869,0
73870,0
73871,0
73872,0
73873,0
73874,0
73875,2
73876,0
73877,0
73878,2
73879,0
73880,0
73881,0
73882,0
73883,0
73884,2
73885,0
73886,2
73887,2
73888,0
73889,2
73890,0
73891,2
73892,0
73893,2
73894,2
73895,0
73896,0
73897,0
73898,0
73899,0
73900,0
73901,2
73902,0
73903,0
73904,0
73905,2
73906,2
73907,2
73908,2
73909,2
73910,2
73911,0
73912,2
73913,0
73914,0
73915,2
73916,0
73917,0
73918,2
73919,2
73920,0
73921,2
73922,2
73923,0
73924,0
73925,0
73926,0
73927,0
73928,2
73929,2
73930,2
73931,2
73932,2
73933,2
73934,2
73935,2
73936,0
73937,2
73938,0
73939,0
73940,0
73941,0
73942,0
73943,0
73944,0
73945,2
73946,2
73947,2
73948,0
73949,0
73950,2
73951,0
73952,2
73953,0
73954,2
73955,2
73956,2
73957,0
73958,2
73959,0
73960,0
73961,0
73962,2
73963,0
73964,0
73965,0
73966,0
73967,2
73968,2
73969,0
73970,0
73971,0
73972,0
73973,2
73974,2
73975,0
73976,0
73977,0
73978,0
73979,0
73980,0
73981,0
73982,0
73983,0
73984,0
73985,0
73986,0
73987,0
73988,0
73989,0
73990,0
73991,0
73992,0
73993,0
73994,0
73995,2
73996,2
73997,2
73998,2
73999,2
74000,2
74001,2
74002,2
74003,2
74004,0
74005,0
74006,0
74007,0
74008,0
74009,0
74010,0
74011,0
74012,2
74013,0
74014,0
74015,2
74016,0
74017,0
74018,0
74019,0
74020,2
74021,2
74022,0
74023,2
74024,2
74025,0
74026,2
74027,0
74028,2
74029,0
74030,2
74031,2
74032,0
74033,0
74034,0
74035,0
74036,0
74037,0
74038,2
74039,0
74040,0
74041,2
74042,2
74043,2
74044,2
74045,2
74046,2
74047,2
74048,0
74049,2
74050,2
74051,0
74052,2
74053,0
74054,0
74055,0
74056,2
74057,0
74058,2
74059,2
74060,0
74061,0
74062,2
74063,0
74064,0
74065,2
74066,2
74067,2
74068,2
74069,2
74070,2
74071,2
74072,2
74073,0
74074,2
74075,0
74076,2
74077,0
74078,0
74079,0
74080,2
74081,0
74082,2
74083,2
74084,2
74085,0
74086,0
74087,2
74088,0
74089,2
74090,0
74091,2
74092,2
74093,2
74094,2
74095,2
74096,2
74097,0
74098,0
74099,2
74100,0
74101,0
74102,0
74103,0
74104,2
74105,2
74106,0
74107,0
74108,0
74109,2
74110,2
74111,2
74112,2
74113,0
74114,0
74115,0
74116,0
74117,0
74118,0
74119,0
74120,0
74121,0
74122,2
74123,0
74124,0
74125,0
74126,0
74127,0
74128,0
74129,0
74130,0
74131,0
74132,2
74133,2
74134,2
74135,2
74136,2
74137,2
74138,2
74139,2
74140,2
74141,0
74142,0
74143,0
74144,0
74145,2
74146,0
74147,0
74148,0
74149,2
74150,0
74151,0
74152,2
74153,0
74154,0
74155,0
74156,0
74157,2
74158,2
74159,0
74160,2
74161,2
74162,0
74163,2
74164,0
74165,2
74166,0
74167,2
74168,2
74169,0
74170,0
74171,0
74172,0
74173,0
74174,0
74175,2
74176,0
74177,0
74178,0
74179,2
74180,2
74181,2
74182,2
74183,2
74184,2
74185,0
74186,2
74187,1
74188,0
74189,2
74190,0
74191,0
74192,1
74193,2
74194,0
74195,2
74196,2
74197,0
74198,0
74199,0
74200,0
74201,0
74202,2
74203,2
74204,2
74205,2
74206,2
74207,2
74208,2
74209,2
74210,0
74211,2
74212,0
74213,2
74214,0
74215,0
74216,0
74217,2
74218,0
74219,2
74220,2
74221,2
74222,0
74223,0
74224,2
74225,0
74226,2
74227,2
74228,2
74229,2
74230,2
74231,2
74232,2
74233,2
74234,0
74235,2
74236,2
74237,0
74238,0
74239,0
74240,2
74241,2
74242,2
74243,2
74244,0
74245,0
74246,2
74247,2
74248,2
74249,2
74250,0
74251,0
74252,0
74253,0
74254,0
74255,0
74256,0
74257,0
74258,0
74259,0
74260,0
74261,0
74262,0
74263,0
74264,0
74265,0
74266,0
74267,0
74268,0
74269,2
74270,2
74271,2
74272,2
74273,2
74274,2
74275,2
74276,2
74277,2
74278,0
74279,0
74280,0
74281,0
74282,2
74283,0
74284,0
74285,0
74286,2
74287,0
74288,0
74289,2
74290,0
74291,0
74292,0
74293,0
74294,2
74295,2
74296,0
74297,2
74298,2
74299,2
74300,2
74301,0
74302,2
74303,2
74304,2
74305,2
74306,0
74307,0
74308,0
74309,0
74310,0
74311,0
74312,2
74313,0
74314,0
74315,0
74316,2
74317,2
74318,2
74319,2
74320,2
74321,2
74322,0
74323,2
74324,0
74325,0
74326,2
74327,0
74328,0
74329,0
74330,2
74331,0
74332,0
74333,2
74334,0
74335,0
74336,2
74337,0
74338,0
74339,2
74340,2
74341,2
74342,2
74343,2
74344,2
74345,2
74346,2
74347,0
74348,2
74349,0
74350,0
74351,0
74352,0
74353,0
74354,0
74355,0
74356,2
74357,2
74358,2
74359,0
74360,0
74361,2
74362,0
74363,2
74364,0
74365,2
74366,2
74367,2
74368,2
74369,2
74370,2
74371,0
74372,0
74373,2
74374,0
74375,0
74376,0
74377,0
74378,2
74379,2
74380,0
74381,0
74382,0
74383,2
74384,2
74385,2
74386,0
74387,0
74388,0
74389,0
74390,0
74391,0
74392,0
74393,0
74394,0
74395,0
74396,2
74397,0
74398,0
74399,0
74400,0
74401,0
74402,0
74403,0
74404,0
74405,0
74406,2
74407,2
74408,2
74409,2
74410,2
74411,2
74412,2
74413,2
74414,2
74415,0
74416,0
74417,0
74418,0
74419,2
74420,0
74421,0
74422,0
74423,2
74424,0
74425,0
74426,2
74427,2
74428,0
74429,0
74430,2
74431,2
74432,2
74433,2
74434,2
74435,2
74436,2
74437,2
74438,0
74439,2
74440,2
74441,2
74442,2
74443,0
74444,0
74445,0
74446,0
74447,2
74448,2
74449,2
74450,0
74451,0
74452,2
74453,2
74454,2
74455,2
74456,2
74457,2
74458,2
74459,0
74460,2
74461,2
74462,0
74463,2
74464,0
74465,0
74466,2
74467,2
74468,0
74469,2
74470,2
74471,0
74472,0
74473,2
74474,0
74475,0
74476,2
74477,2
74478,2
74479,2
74480,2
74481,2
74482,2
74483,2
74484,0
74485,2
74486,0
74487,2
74488,0
74489,0
74490,0
74491,2
74492,0
74493,2
74494,2
74495,2
74496,0
74497,0
74498,2
74499,0
74500,2
74501,2
74502,2
74503,2
74504,2
74505,2
74506,2
74507,2
74508,2
74509,2
74510,2
74511,0
74512,0
74513,0
74514,2
74515,2
74516,2
74517,2
74518,0
74519,0
74520,2
74521,2
74522,2
74523,0
74524,0
74525,0
74526,0
74527,2
74528,0
74529,0
74530,0
74531,0
74532,0
74533,0
74534,0
74535,0
74536,0
74537,0
74538,0
74539,0
74540,0
74541,0
74542,0
74543,2
74544,2
74545,2
74546,2
74547,2
74548,2
74549,2
74550,2
74551,2
74552,0
74553,0
74554,0
74555,0
74556,0
74557,0
74558,0
74559,0
74560,2
74561,0
74562,0
74563,2
74564,0
74565,0
74566,0
74567,0
74568,2
74569,2
74570,0
74571,2
74572,2
74573,0
74574,2
74575,0
74576,2
74577,0
74578,2
74579,2
74580,0
74581,0
74582,0
74583,0
74584,0
74585,0
74586,2
74587,0
74588,0
74589,0
74590,2
74591,2
74592,2
74593,2
74594,2
74595,2
74596,0
74597,2
74598,1
74599,0
74600,2
74601,0
74602,0
74603,0
74604,2
74605,0
74606,0
74607,2
74608,0
74609,0
74610,0
74611,0
74612,0
74613,2
74614,2
74615,2
74616,2
74617,2
74618,2
74619,2
74620,2
74621,0
74622,2
74623,0
74624,0
74625,0
74626,0
74627,0
74628,2
74629,0
74630,2
74631,2
74632,2
74633,0
74634,0
74635,2
74636,0
74637,2
74638,0
74639,2
74640,2
74641,2
74642,2
74643,2
74644,2
74645,0
74646,2
74647,2
74648,0
74649,0
74650,0
74651,0
74652,2
74653,2
74654,0
74655,0
74656,0
74657,2
74658,2
74659,2
74660,2
74661,0
74662,0
74663,0
74664,0
74665,0
74666,0
74667,0
74668,0
74669,0
74670,2
74671,0
74672,0
74673,0
74674,0
74675,0
74676,0
74677,0
74678,0
74679,0
74680,2
74681,2
74682,2
74683,2
74684,2
74685,2
74686,2
74687,2
74688,2
74689,0
74690,0
74691,0
74692,0
74693,0
74694,0
74695,0
74696,0
74697,2
74698,0
74699,0
74700,2
74701,0
74702,0
74703,0
74704,0
74705,2
74706,2
74707,0
74708,2
74709,2
74710,0
74711,2
74712,0
74713,2
74714,2
74715,2
74716,2
74717,0
74718,0
74719,0
74720,0
74721,1
74722,0
74723,2
74724,0
74725,0
74726,0
74727,2
74728,2
74729,2
74730,2
74731,2
74732,2
74733,0
74734,2
74735,0
74736,0
74737,2
74738,0
74739,0
74740,0
74741,2
74742,0
74743,2
74744,2
74745,0
74746,0
74747,0
74748,0
74749,0
74750,2
74751,2
74752,2
74753,2
74754,2
74755,2
74756,2
74757,2
74758,0
74759,2
74760,0
74761,2
74762,0
74763,0
74764,0
74765,1
74766,0
74767,2
74768,2
74769,2
74770,0
74771,0
74772,2
74773,0
74774,2
74775,0
74776,2
74777,2
74778,0
74779,2
74780,2
74781,2
74782,0
74783,2
74784,2
74785,0
74786,0
74787,0
74788,0
74789,2
74790,2
74791,2
74792,0
74793,0
74794,2
74795,2
74796,2
74797,2
74798,0
74799,0
74800,0
74801,0
74802,0
74803,0
74804,0
74805,0
74806,0
74807,2
74808,0
74809,0
74810,0
74811,0
74812,0
74813,0
74814,0
74815,0
74816,0
74817,2
74818,2
74819,2
74820,2
74821,2
74822,2
74823,2
74824,2
74825,2
74826,0
74827,0
74828,0
74829,0
74830,2
74831,0
74832,0
74833,0
74834,2
74835,0
74836,0
74837,2
74838,0
74839,0
74840,0
74841,0
74842,2
74843,2
74844,0
74845,2
74846,2
74847,0
74848,2
74849,0
74850,2
74851,2
74852,2
74853,2
74854,0
74855,0
74856,0
74857,0
74858,0
74859,0
74860,2
74861,0
74862,0
74863,0
74864,2
74865,2
74866,2
74867,2
74868,2
74869,2
74870,0
74871,2
74872,0
74873,0
74874,2
74875,0
74876,0
74877,0
74878,2
74879,0
74880,2
74881,2
74882,0
74883,0
74884,0
74885,0
74886,0
74887,2
74888,2
74889,2
74890,2
74891,2
74892,2
74893,2
74894,2
74895,0
74896,2
74897,0
74898,2
74899,0
74900,0
74901,0
74902,0
74903,0
74904,2
74905,2
74906,2
74907,0
74908,0
74909,1
74910,0
74911,2
74912,2
74913,2
74914,2
74915,2
74916,2
74917,2
74918,2
74919,0
74920,2
74921,2
74922,0
74923,0
74924,0
74925,2
74926,2
74927,2
74928,2
74929,0
74930,0
74931,2
74932,2
74933,2
74934,2
74935,0
74936,0
74937,0
74938,0
74939,0
74940,0
74941,0
74942,0
74943,0
74944,2
74945,0
74946,0
74947,0
74948,0
74949,0
74950,0
74951,0
74952,0
74953,0
74954,2
74955,2
74956,2
74957,2
74958,2
74959,2
74960,2
74961,2
74962,2
74963,0
74964,0
74965,0
74966,0
74967,2
74968,0
74969,0
74970,0
74971,2
74972,0
74973,0
74974,2
74975,1
74976,0
74977,1
74978,1
74979,2
74980,2
74981,0
74982,2
74983,2
74984,0
74985,2
74986,0
74987,2
74988,2
74989,2
74990,2
74991,0
74992,0
74993,0
74994,0
74995,0
74996,1
74997,2
74998,0
74999,0
75000,1
75001,2
75002,2
75003,2
75004,2
75005,2
75006,2
75007,0
75008,2
75009,1
75010,0
75011,2
75012,0
75013,0
75014,1
75015,2
75016,0
75017,2
75018,2
75019,0
75020,0
75021,1
75022,0
75023,0
75024,2
75025,2
75026,2
75027,2
75028,2
75029,2
75030,2
75031,2
75032,0
75033,2
75034,1
75035,0
75036,0
75037,0
75038,0
75039,1
75040,0
75041,2
75042,2
75043,2
75044,0
75045,0
75046,1
75047,0
75048,2
75049,2
75050,2
75051,2
75052,0
75053,2
75054,2
75055,2
75056,0
75057,0
75058,0
75059,1
75060,0
75061,0
75062,2
75063,2
75064,2
75065,0
75066,0
75067,0
75068,2
75069,0
75070,2
75071,0
75072,0
75073,0
75074,0
75075,0
75076,0
75077,0
75078,0
75079,0
75080,0
75081,2
75082,0
75083,0
75084,0
75085,0
75086,0
75087,0
75088,0
75089,0
75090,0
75091,2
75092,2
75093,2
75094,2
75095,2
75096,2
75097,2
75098,2
75099,2
75100,0
75101,0
75102,0
75103,0
75104,2
75105,0
75106,0
75107,0
75108,2
75109,0
75110,0
75111,0
75112,0
75113,0
75114,0
75115,0
75116,0
75117,2
75118,0
75119,2
75120,2
75121,2
75122,2
75123,0
75124,2
75125,0
75126,2
75127,2
75128,0
75129,0
75130,0
75131,0
75132,2
75133,0
75134,2
75135,0
75136,0
75137,0
75138,2
75139,2
75140,2
75141,2
75142,2
75143,2
75144,0
75145,2
75146,0
75147,0
75148,2
75149,0
75150,0
75151,2
75152,2
75153,0
75154,2
75155,2
75156,0
75157,0
75158,0
75159,0
75160,0
75161,2
75162,2
75163,2
75164,2
75165,2
75166,2
75167,2
75168,2
75169,0
75170,2
75171,0
75172,2
75173,0
75174,0
75175,0
75176,2
75177,0
75178,2
75179,2
75180,2
75181,0
75182,0
75183,2
75184,0
75185,2
75186,0
75187,2
75188,2
75189,2
75190,2
75191,2
75192,0
75193,0
75194,2
75195,2
75196,0
75197,0
75198,0
75199,0
75200,2
75201,2
75202,2
75203,0
75204,0
75205,0
75206,2
75207,2
75208,2
75209,0
75210,0
75211,2
75212,2
75213,0
75214,0
75215,0
75216,0
75217,0
75218,2
75219,0
75220,0
75221,0
75222,0
75223,0
75224,0
75225,0
75226,0
75227,0
75228,2
75229,2
75230,2
75231,2
75232,2
75233,2
75234,2
75235,2
75236,2
75237,0
75238,0
75239,0
75240,0
75241,2
75242,0
75243,0
75244,0
75245,2
75246,0
75247,0
75248,2
75249,0
75250,0
75251,0
75252,0
75253,2
75254,2
75255,0
75256,2
75257,2
75258,0
75259,2
75260,0
75261,2
75262,2
75263,2
75264,2
75265,0
75266,0
75267,0
75268,0
75269,0
75270,0
75271,2
75272,2
75273,0
75274,2
75275,2
75276,2
75277,2
75278,2
75279,2
75280,2
75281,0
75282,2
75283,2
75284,0
75285,2
75286,0
75287,0
75288,2
75289,2
75290,0
75291,2
75292,2
75293,0
75294,0
75295,0
75296,0
75297,0
75298,2
75299,2
75300,2
75301,2
75302,2
75303,2
75304,2
75305,2
75306,0
75307,2
75308,0
75309,2
75310,0
75311,0
75312,0
75313,2
75314,0
75315,2
75316,2
75317,2
75318,0
75319,0
75320,2
75321,0
75322,2
75323,0
75324,2
75325,2
75326,2
75327,2
75328,2
75329,2
75330,0
75331,2
75332,2
75333,0
75334,0
75335,0
75336,0
75337,2
75338,2
75339,2
75340,0
75341,0
75342,2
75343,2
75344,2
75345,2
75346,0
75347,0
75348,2
75349,2
75350,0
75351,0
75352,0
75353,0
75354,0
75355,0
75356,0
75357,0
75358,0
75359,0
75360,0
75361,0
75362,0
75363,0
75364,0
75365,2
75366,2
75367,2
75368,2
75369,2
75370,2
75371,2
75372,2
75373,2
75374,0
75375,0
75376,0
75377,0
75378,0
75379,0
75380,0
75381,0
75382,2
75383,0
75384,0
75385,2
75386,0
75387,0
75388,0
75389,0
75390,2
75391,2
75392,0
75393,2
75394,2
75395,0
75396,2
75397,0
75398,2
75399,0
75400,2
75401,2
75402,0
75403,0
75404,0
75405,0
75406,0
75407,0
75408,0
75409,0
75410,0
75411,0
75412,2
75413,2
75414,2
75415,2
75416,2
75417,2
75418,0
75419,0
75420,0
75421,0
75422,0
75423,0
75424,0
75425,0
75426,0
75427,0
75428,0
75429,0
75430,0
75431,0
75432,0
75433,0
75434,0
75435,0
75436,2
75437,2
75438,2
75439,2
75440,2
75441,2
75442,2
75443,0
75444,2
75445,0
75446,0
75447,0
75448,0
75449,0
75450,0
75451,0
75452,2
75453,2
75454,2
75455,0
75456,0
75457,0
75458,0
75459,2
75460,0
75461,2
75462,2
75463,2
75464,2
75465,2
75466,2
75467,0
75468,0
75469,0
75470,0
75471,0
75472,0
75473,0
75474,2
75475,2
75476,0
75477,0
75478,0
75479,2
75480,2
75481,2
75482,2
75483,0
75484,0
75485,0
75486,0
75487,0
75488,0
75489,0
75490,0
75491,0
75492,2
75493,0
75494,0
75495,0
75496,0
75497,0
75498,0
75499,0
75500,0
75501,0
75502,2
75503,2
75504,2
75505,2
75506,2
75507,2
75508,2
75509,2
75510,2
75511,0
75512,0
75513,0
75514,0
75515,2
75516,0
75517,0
75518,0
75519,2
75520,0
75521,0
75522,2
75523,2
75524,0
75525,0
75526,2
75527,2
75528,2
75529,0
75530,2
75531,2
75532,0
75533,2
75534,0
75535,2
75536,2
75537,2
75538,2
75539,0
75540,0
75541,0
75542,0
75543,0
75544,2
75545,2
75546,2
75547,0
75548,2
75549,2
75550,2
75551,2
75552,2
75553,2
75554,2
75555,2
75556,2
75557,2
75558,2
75559,2
75560,0
75561,0
75562,2
75563,2
75564,0
75565,2
75566,2
75567,0
75568,0
75569,0
75570,0
75571,0
75572,2
75573,2
75574,2
75575,2
75576,2
75577,2
75578,2
75579,2
75580,0
75581,2
75582,0
75583,2
75584,0
75585,0
75586,0
75587,2
75588,0
75589,2
75590,2
75591,2
75592,0
75593,0
75594,2
75595,0
75596,2
75597,2
75598,2
75599,2
75600,2
75601,2
75602,2
75603,2
75604,2
75605,0
75606,2
75607,2
75608,0
75609,0
75610,2
75611,2
75612,2
75613,2
75614,0
75615,0
75616,2
75617,2
75618,2
75619,2
75620,2
75621,2
75622,2
75623,2
75624,0
75625,0
75626,0
75627,0
75628,0
75629,0
75630,0
75631,0
75632,0
75633,0
75634,0
75635,0
75636,0
75637,0
75638,0
75639,2
75640,2
75641,2
75642,2
75643,2
75644,2
75645,2
75646,2
75647,2
75648,0
75649,0
75650,0
75651,0
75652,2
75653,0
75654,0
75655,0
75656,2
75657,0
75658,0
75659,2
75660,0
75661,0
75662,0
75663,0
75664,2
75665,2
75666,0
75667,2
75668,2
75669,0
75670,2
75671,0
75672,2
75673,2
75674,2
75675,2
75676,0
75677,0
75678,0
75679,0
75680,0
75681,0
75682,2
75683,0
75684,0
75685,0
75686,2
75687,2
75688,2
75689,2
75690,2
75691,2
75692,0
75693,2
75694,0
75695,0
75696,2
75697,0
75698,0
75699,0
75700,0
75701,0
75702,0
75703,0
75704,0
75705,0
75706,0
75707,0
75708,0
75709,2
75710,2
75711,2
75712,2
75713,2
75714,2
75715,2
75716,2
75717,0
75718,2
75719,0
75720,0
75721,0
75722,0
75723,0
75724,0
75725,0
75726,2
75727,2
75728,2
75729,0
75730,0
75731,2
75732,0
75733,2
75734,2
75735,2
75736,2
75737,2
75738,2
75739,2
75740,2
75741,0
75742,0
75743,0
75744,0
75745,0
75746,0
75747,2
75748,2
75749,2
75750,0
75751,0
75752,0
75753,2
75754,2
75755,2
75756,2
75757,0
75758,0
75759,0
75760,0
75761,0
75762,0
75763,0
75764,0
75765,0
75766,2
75767,0
75768,0
75769,0
75770,0
75771,0
75772,0
75773,0
75774,0
75775,0
75776,2
75777,2
75778,2
75779,2
75780,2
75781,2
75782,2
75783,2
75784,2
75785,0
75786,0
75787,0
75788,0
75789,0
75790,0
75791,0
75792,0
75793,2
75794,0
75795,0
75796,2
75797,1
75798,0
75799,0
75800,1
75801,2
75802,2
75803,0
75804,2
75805,2
75806,0
75807,2
75808,0
75809,2
75810,2
75811,2
75812,2
75813,0
75814,0
75815,0
75816,0
75817,1
75818,0
75819,2
75820,0
75821,0
75822,0
75823,2
75824,2
75825,2
75826,2
75827,2
75828,2
75829,0
75830,2
75831,1
75832,0
75833,2
75834,0
75835,0
75836,1
75837,2
75838,0
75839,2
75840,2
75841,0
75842,0
75843,0
75844,0
75845,0
75846,2
75847,2
75848,2
75849,2
75850,2
75851,2
75852,2
75853,2
75854,0
75855,2
75856,1
75857,2
75858,0
75859,0
75860,0
75861,1
75862,0
75863,2
75864,2
75865,2
75866,0
75867,0
75868,1
75869,0
75870,2
75871,1
75872,2
75873,2
75874,2
75875,2
75876,2
75877,2
75878,0
75879,2
75880,0
75881,0
75882,0
75883,0
75884,2
75885,2
75886,2
75887,2
75888,0
75889,0
75890,2
75891,2
75892,2
75893,2
75894,0
75895,0
75896,0
75897,2
75898,0
75899,0
75900,0
75901,0
75902,0
75903,0
75904,0
75905,0
75906,0
75907,0
75908,0
75909,0
75910,0
75911,0
75912,0
75913,2
75914,2
75915,2
75916,2
75917,2
75918,2
75919,2
75920,2
75921,2
75922,0
75923,0
75924,0
75925,0
75926,1
75927,0
75928,0
75929,0
75930,2
75931,0
75932,0
75933,2
75934,0
75935,0
75936,0
75937,0
75938,2
75939,2
75940,0
75941,2
75942,2
75943,2
75944,2
75945,0
75946,2
75947,2
75948,2
75949,2
75950,0
75951,0
75952,0
75953,0
75954,0
75955,0
75956,1
75957,0
75958,0
75959,0
75960,2
75961,2
75962,2
75963,2
75964,2
75965,2
75966,0
75967,2
75968,1
75969,0
75970,2
75971,0
75972,0
75973,1
75974,0
75975,0
75976,0
75977,2
75978,0
75979,0
75980,0
75981,0
75982,0
75983,2
75984,2
75985,2
75986,2
75987,2
75988,2
75989,2
75990,2
75991,0
75992,2
75993,0
75994,0
75995,0
75996,0
75997,0
75998,1
75999,0
76000,2
76001,2
76002,2
76003,0
76004,0
76005,1
76006,0
76007,2
76008,2
76009,2
76010,2
76011,0
76012,2
76013,2
76014,2
76015,0
76016,0
76017,0
76018,0
76019,0
76020,0
76021,2
76022,2
76023,2
76024,0
76025,0
76026,0
76027,2
76028,2
76029,2
76030,2
76031,0
76032,0
76033,0
76034,0
76035,0
76036,0
76037,0
76038,0
76039,0
76040,2
76041,0
76042,0
76043,0
76044,0
76045,0
76046,0
76047,0
76048,0
76049,0
76050,2
76051,2
76052,2
76053,2
76054,2
76055,2
76056,2
76057,2
76058,2
76059,0
76060,0
76061,0
76062,0
76063,2
76064,0
76065,0
76066,0
76067,2
76068,0
76069,0
76070,2
76071,2
76072,0
76073,0
76074,0
76075,0
76076,2
76077,0
76078,2
76079,2
76080,2
76081,2
76082,0
76083,2
76084,2
76085,2
76086,2
76087,0
76088,0
76089,0
76090,0
76091,0
76092,0
76093,2
76094,2
76095,0
76096,0
76097,2
76098,2
76099,2
76100,2
76101,2
76102,2
76103,0
76104,2
76105,0
76106,0
76107,2
76108,0
76109,0
76110,2
76111,2
76112,0
76113,2
76114,2
76115,0
76116,0
76117,0
76118,0
76119,0
76120,2
76121,2
76122,2
76123,2
76124,2
76125,2
76126,2
76127,2
76128,0
76129,2
76130,0
76131,2
76132,0
76133,0
76134,0
76135,0
76136,0
76137,2
76138,2
76139,2
76140,0
76141,0
76142,2
76143,0
76144,2
76145,0
76146,2
76147,2
76148,0
76149,2
76150,2
76151,2
76152,0
76153,2
76154,0
76155,0
76156,0
76157,0
76158,0
76159,2
76160,2
76161,0
76162,0
76163,0
76164,2
76165,2
76166,2
76167,0
76168,0
76169,0
76170,0
76171,2
76172,0
76173,0
76174,0
76175,0
76176,0
76177,2
76178,0
76179,0
76180,0
76181,0
76182,0
76183,0
76184,0
76185,0
76186,0
76187,2
76188,2
76189,2
76190,2
76191,2
76192,2
76193,2
76194,2
76195,2
76196,0
76197,0
76198,0
76199,0
76200,0
76201,0
76202,0
76203,0
76204,2
76205,0
76206,0
76207,2
76208,2
76209,0
76210,0
76211,0
76212,0
76213,2
76214,0
76215,2
76216,2
76217,0
76218,2
76219,0
76220,2
76221,0
76222,2
76223,2
76224,0
76225,0
76226,0
76227,0
76228,2
76229,2
76230,2
76231,2
76232,0
76233,2
76234,2
76235,2
76236,2
76237,2
76238,2
76239,2
76240,0
76241,2
76242,2
76243,0
76244,2
76245,0
76246,0
76247,2
76248,2
76249,0
76250,2
76251,2
76252,0
76253,0
76254,2
76255,0
76256,0
76257,2
76258,2
76259,2
76260,2
76261,2
76262,2
76263,2
76264,2
76265,0
76266,2
76267,0
76268,2
76269,0
76270,0
76271,0
76272,2
76273,0
76274,2
76275,2
76276,2
76277,0
76278,0
76279,2
76280,0
76281,2
76282,0
76283,2
76284,2
76285,2
76286,2
76287,2
76288,2
76289,0
76290,2
76291,2
76292,0
76293,0
76294,0
76295,0
76296,2
76297,2
76298,2
76299,0
76300,0
76301,2
76302,2
76303,2
76304,2
76305,0
76306,0
76307,0
76308,2
76309,0
76310,0
76311,0
76312,0
76313,0
76314,0
76315,0
76316,0
76317,0
76318,0
76319,0
76320,0
76321,0
76322,0
76323,0
76324,2
76325,2
76326,2
76327,2
76328,2
76329,2
76330,2
76331,2
76332,2
76333,0
76334,0
76335,0
76336,0
76337,0
76338,0
76339,0
76340,0
76341,2
76342,0
76343,0
76344,2
76345,0
76346,0
76347,0
76348,0
76349,2
76350,2
76351,0
76352,2
76353,2
76354,0
76355,2
76356,0
76357,2
76358,0
76359,2
76360,2
76361,0
76362,0
76363,0
76364,0
76365,0
76366,0
76367,0
76368,0
76369,0
76370,0
76371,2
76372,2
76373,2
76374,2
76375,2
76376,2
76377,0
76378,2
76379,0
76380,0
76381,2
76382,0
76383,0
76384,0
76385,0
76386,0
76387,0
76388,0
76389,0
76390,0
76391,0
76392,0
76393,0
76394,2
76395,2
76396,2
76397,2
76398,2
76399,2
76400,2
76401,2
76402,0
76403,2
76404,0
76405,0
76406,0
76407,0
76408,0
76409,0
76410,0
76411,2
76412,2
76413,2
76414,0
76415,0
76416,2
76417,0
76418,2
76419,0
76420,2
76421,2
76422,2
76423,2
76424,2
76425,2
76426,0
76427,0
76428,0
76429,0
76430,0
76431,0
76432,2
76433,2
76434,2
76435,0
76436,0
76437,0
76438,2
76439,2
76440,2
76441,2
76442,0
76443,0
76444,0
76445,0
76446,0
76447,0
76448,0
76449,0
76450,0
76451,0
76452,0
76453,0
76454,0
76455,0
76456,0
76457,0
76458,0
76459,0
76460,0
76461,2
76462,2
76463,2
76464,2
76465,2
76466,2
76467,2
76468,2
76469,2
76470,0
76471,0
76472,0
76473,0
76474,0
76475,0
76476,0
76477,0
76478,2
76479,0
76480,0
76481,2
76482,0
76483,0
76484,0
76485,0
76486,2
76487,2
76488,0
76489,2
76490,2
76491,0
76492,2
76493,0
76494,2
76495,0
76496,2
76497,2
76498,0
76499,0
76500,0
76501,0
76502,0
76503,0
76504,0
76505,0
76506,0
76507,0
76508,2
76509,2
76510,2
76511,2
76512,2
76513,2
76514,0
76515,2
76516,1
76517,0
76518,2
76519,0
76520,0
76521,0
76522,0
76523,0
76524,0
76525,0
76526,0
76527,0
76528,0
76529,0
76530,0
76531,2
76532,2
76533,2
76534,2
76535,2
76536,2
76537,2
76538,2
76539,0
76540,2
76541,0
76542,0
76543,0
76544,0
76545,0
76546,1
76547,0
76548,2
76549,2
76550,2
76551,0
76552,0
76553,1
76554,0
76555,2
76556,0
76557,2
76558,2
76559,2
76560,2
76561,2
76562,2
76563,0
76564,0
76565,0
76566,0
76567,0
76568,0
76569,2
76570,2
76571,2
76572,0
76573,0
76574,0
76575,2
76576,2
76577,2
76578,2
76579,0
76580,0
76581,0
76582,0
76583,0
76584,0
76585,0
76586,0
76587,0
76588,0
76589,0
76590,0
76591,0
76592,0
76593,0
76594,0
76595,0
76596,0
76597,0
76598,2
76599,2
76600,2
76601,2
76602,2
76603,2
76604,2
76605,2
76606,2
76607,0
76608,0
76609,0
76610,0
76611,2
76612,0
76613,0
76614,0
76615,2
76616,0
76617,0
76618,2
76619,0
76620,0
76621,0
76622,0
76623,2
76624,2
76625,0
76626,2
76627,2
76628,0
76629,2
76630,0
76631,2
76632,2
76633,2
76634,2
76635,0
76636,0
76637,0
76638,0
76639,0
76640,0
76641,2
76642,0
76643,0
76644,0
76645,2
76646,2
76647,2
76648,2
76649,2
76650,2
76651,0
76652,2
76653,0
76654,0
76655,2
76656,0
76657,0
76658,0
76659,2
76660,0
76661,0
76662,2
76663,0
76664,0
76665,2
76666,0
76667,0
76668,2
76669,2
76670,2
76671,2
76672,2
76673,2
76674,2
76675,2
76676,0
76677,2
76678,0
76679,0
76680,0
76681,0
76682,0
76683,0
76684,0
76685,2
76686,2
76687,2
76688,0
76689,0
76690,0
76691,0
76692,2
76693,2
76694,2
76695,2
76696,2
76697,2
76698,2
76699,2
76700,0
76701,0
76702,0
76703,0
76704,0
76705,0
76706,2
76707,2
76708,2
76709,0
76710,0
76711,0
76712,2
76713,2
76714,2
76715,0
76716,0
76717,0
76718,0
76719,0
76720,0
76721,0
76722,0
76723,0
76724,0
76725,0
76726,0
76727,0
76728,0
76729,0
76730,0
76731,0
76732,0
76733,0
76734,0
76735,2
76736,2
76737,2
76738,2
76739,2
76740,2
76741,2
76742,2
76743,2
76744,0
76745,0
76746,0
76747,0
76748,0
76749,0
76750,0
76751,0
76752,2
76753,0
76754,0
76755,2
76756,0
76757,0
76758,0
76759,0
76760,0
76761,2
76762,0
76763,2
76764,2
76765,0
76766,2
76767,0
76768,2
76769,0
76770,2
76771,2
76772,0
76773,0
76774,0
76775,0
76776,0
76777,0
76778,2
76779,0
76780,0
76781,0
76782,2
76783,2
76784,2
76785,2
76786,2
76787,2
76788,0
76789,2
76790,0
76791,0
76792,2
76793,0
76794,0
76795,0
76796,0
76797,0
76798,0
76799,2
76800,0
76801,0
76802,0
76803,0
76804,0
76805,2
76806,2
76807,2
76808,2
76809,2
76810,2
76811,2
76812,2
76813,0
76814,2
76815,0
76816,0
76817,0
76818,0
76819,0
76820,0
76821,0
76822,2
76823,0
76824,2
76825,0
76826,0
76827,0
76828,0
76829,2
76830,0
76831,2
76832,2
76833,0
76834,2
76835,2
76836,2
76837,0
76838,0
76839,0
76840,0
76841,0
76842,0
76843,0
76844,2
76845,2
76846,0
76847,0
76848,0
76849,0
76850,2
76851,2
76852,2
76853,0
76854,0
76855,0
76856,0
76857,0
76858,0
76859,0
76860,0
76861,0
76862,2
76863,0
76864,0
76865,0
76866,0
76867,0
76868,0
76869,0
76870,0
76871,0
76872,2
76873,2
76874,2
76875,2
76876,2
76877,2
76878,2
76879,2
76880,2
76881,0
76882,0
76883,0
76884,0
76885,2
76886,0
76887,0
76888,0
76889,2
76890,0
76891,0
76892,0
76893,2
76894,0
76895,1
76896,2
76897,2
76898,2
76899,2
76900,2
76901,2
76902,2
76903,2
76904,0
76905,2
76906,2
76907,2
76908,2
76909,0
76910,0
76911,0
76912,0
76913,0
76914,2
76915,2
76916,2
76917,0
76918,2
76919,2
76920,2
76921,2
76922,2
76923,2
76924,2
76925,2
76926,2
76927,2
76928,2
76929,2
76930,0
76931,0
76932,2
76933,2
76934,2
76935,2
76936,2
76937,0
76938,0
76939,2
76940,0
76941,0
76942,2
76943,2
76944,2
76945,2
76946,2
76947,2
76948,2
76949,2
76950,0
76951,2
76952,1
76953,2
76954,0
76955,0
76956,0
76957,2
76958,0
76959,2
76960,2
76961,2
76962,0
76963,0
76964,2
76965,0
76966,2
76967,2
76968,2
76969,2
76970,2
76971,2
76972,2
76973,2
76974,1
76975,2
76976,2
76977,1
76978,2
76979,0
76980,2
76981,2
76982,2
76983,2
76984,0
76985,0
76986,2
76987,2
76988,2
76989,2
76990,2
76991,2
76992,2
76993,2
76994,0
76995,0
76996,0
76997,0
76998,0
76999,0
77000,0
77001,0
77002,0
77003,0
77004,0
77005,0
77006,0
77007,0
77008,0
77009,2
77010,2
77011,2
77012,2
77013,2
77014,2
77015,2
77016,2
77017,2
77018,0
77019,0
77020,0
77021,0
77022,0
77023,0
77024,0
77025,0
77026,2
77027,0
77028,0
77029,2
77030,0
77031,0
77032,0
77033,0
77034,0
77035,2
77036,0
77037,2
77038,2
77039,0
77040,2
77041,0
77042,2
77043,0
77044,2
77045,2
77046,0
77047,0
77048,0
77049,0
77050,0
77051,0
77052,0
77053,0
77054,0
77055,0
77056,0
77057,2
77058,2
77059,2
77060,2
77061,2
77062,0
77063,2
77064,0
77065,0
77066,2
77067,0
77068,0
77069,0
77070,0
77071,0
77072,0
77073,2
77074,0
77075,0
77076,0
77077,0
77078,0
77079,2
77080,2
77081,2
77082,2
77083,2
77084,2
77085,2
77086,2
77087,0
77088,2
77089,0
77090,0
77091,0
77092,0
77093,0
77094,0
77095,0
77096,2
77097,1
77098,2
77099,0
77100,0
77101,2
77102,0
77103,2
77104,0
77105,2
77106,2
77107,0
77108,0
77109,2
77110,2
77111,0
77112,2
77113,0
77114,0
77115,0
77116,0
77117,0
77118,2
77119,2
77120,0
77121,0
77122,0
77123,2
77124,2
77125,2
77126,0
77127,0
77128,0
77129,0
77130,0
77131,0
77132,0
77133,0
77134,0
77135,0
77136,2
77137,0
77138,0
77139,0
77140,0
77141,0
77142,0
77143,0
77144,0
77145,0
77146,2
77147,2
77148,2
77149,2
77150,2
77151,2
77152,2
77153,2
77154,2
77155,0
77156,0
77157,0
77158,0
77159,2
77160,0
77161,0
77162,0
77163,2
77164,0
77165,0
77166,2
77167,0
77168,0
77169,0
77170,0
77171,2
77172,2
77173,0
77174,2
77175,2
77176,0
77177,2
77178,0
77179,2
77180,2
77181,2
77182,2
77183,0
77184,0
77185,0
77186,0
77187,0
77188,0
77189,2
77190,0
77191,0
77192,0
77193,2
77194,2
77195,2
77196,2
77197,2
77198,2
77199,0
77200,2
77201,2
77202,0
77203,2
77204,0
77205,0
77206,0
77207,2
77208,0
77209,2
77210,2
77211,0
77212,0
77213,0
77214,0
77215,0
77216,2
77217,2
77218,2
77219,2
77220,2
77221,2
77222,2
77223,2
77224,0
77225,2
77226,0
77227,2
77228,0
77229,0
77230,0
77231,2
77232,0
77233,2
77234,2
77235,2
77236,0
77237,0
77238,2
77239,0
77240,2
77241,0
77242,2
77243,2
77244,2
77245,2
77246,2
77247,2
77248,0
77249,2
77250,2
77251,0
77252,0
77253,0
77254,0
77255,2
77256,2
77257,2
77258,0
77259,0
77260,2
77261,2
77262,2
77263,2
77264,0
77265,0
77266,0
77267,2
77268,0
77269,0
77270,0
77271,0
77272,0
77273,0
77274,0
77275,0
77276,0
77277,0
77278,0
77279,0
77280,0
77281,0
77282,0
77283,2
77284,2
77285,2
77286,2
77287,2
77288,2
77289,2
77290,2
77291,2
77292,0
77293,0
77294,0
77295,0
77296,0
77297,0
77298,0
77299,0
77300,2
77301,0
77302,0
77303,2
77304,1
77305,0
77306,1
77307,1
77308,0
77309,2
77310,0
77311,2
77312,2
77313,0
77314,2
77315,0
77316,2
77317,2
77318,2
77319,2
77320,0
77321,0
77322,0
77323,0
77324,1
77325,1
77326,2
77327,0
77328,0
77329,1
77330,2
77331,2
77332,2
77333,2
77334,2
77335,2
77336,0
77337,2
77338,1
77339,0
77340,2
77341,0
77342,0
77343,1
77344,2
77345,0
77346,2
77347,2
77348,0
77349,0
77350,0
77351,0
77352,0
77353,2
77354,2
77355,2
77356,2
77357,2
77358,2
77359,2
77360,2
77361,0
77362,2
77363,1
77364,2
77365,0
77366,0
77367,0
77368,1
77369,0
77370,2
77371,2
77372,2
77373,0
77374,0
77375,1
77376,0
77377,2
77378,2
77379,2
77380,2
77381,0
77382,2
77383,2
77384,2
77385,0
77386,2
77387,0
77388,0
77389,0
77390,0
77391,0
77392,2
77393,2
77394,0
77395,0
77396,0
77397,2
77398,2
77399,2
77400,2
77401,0
77402,0
77403,0
77404,0
77405,0
77406,0
77407,0
77408,0
77409,0
77410,2
77411,0
77412,0
77413,0
77414,0
77415,0
77416,0
77417,0
77418,0
77419,0
77420,2
77421,2
77422,2
77423,2
77424,2
77425,2
77426,2
77427,2
77428,2
77429,0
77430,0
77431,0
77432,0
77433,0
77434,0
77435,0
77436,0
77437,2
77438,0
77439,0
77440,2
77441,1
77442,0
77443,0
77444,1
77445,2
77446,2
77447,0
77448,2
77449,2
77450,0
77451,2
77452,0
77453,2
77454,2
77455,2
77456,2
77457,0
77458,0
77459,0
77460,0
77461,0
77462,0
77463,2
77464,0
77465,0
77466,0
77467,2
77468,2
77469,2
77470,2
77471,2
77472,2
77473,0
77474,2
77475,0
77476,0
77477,2
77478,0
77479,0
77480,2
77481,2
77482,0
77483,2
77484,2
77485,0
77486,0
77487,0
77488,0
77489,0
77490,2
77491,2
77492,2
77493,2
77494,2
77495,2
77496,2
77497,2
77498,0
77499,2
77500,0
77501,2
77502,0
77503,0
77504,0
77505,0
77506,0
77507,2
77508,2
77509,2
77510,0
77511,0
77512,0
77513,0
77514,2
77515,2
77516,2
77517,2
77518,2
77519,2
77520,2
77521,2
77522,0
77523,0
77524,2
77525,0
77526,0
77527,0
77528,2
77529,2
77530,2
77531,2
77532,0
77533,0
77534,2
77535,2
77536,2
77537,2
77538,0
77539,0
77540,0
77541,0
77542,0
77543,0
77544,0
77545,0
77546,0
77547,2
77548,0
77549,0
77550,0
77551,0
77552,0
77553,0
77554,0
77555,0
77556,0
77557,2
77558,2
77559,2
77560,2
77561,2
77562,2
77563,2
77564,2
77565,2
77566,0
77567,0
77568,0
77569,0
77570,2
77571,0
77572,0
77573,0
77574,2
77575,0
77576,0
77577,2
77578,0
77579,0
77580,0
77581,0
77582,2
77583,2
77584,0
77585,2
77586,2
77587,2
77588,2
77589,0
77590,2
77591,0
77592,2
77593,2
77594,0
77595,0
77596,0
77597,0
77598,2
77599,2
77600,2
77601,2
77602,0
77603,2
77604,2
77605,2
77606,2
77607,2
77608,2
77609,2
77610,2
77611,2
77612,2
77613,0
77614,2
77615,0
77616,0
77617,1
77618,2
77619,2
77620,2
77621,2
77622,0
77623,0
77624,2
77625,0
77626,0
77627,2
77628,2
77629,2
77630,2
77631,2
77632,2
77633,2
77634,2
77635,0
77636,2
77637,1
77638,2
77639,0
77640,0
77641,0
77642,2
77643,0
77644,2
77645,2
77646,2
77647,0
77648,0
77649,2
77650,0
77651,2
77652,0
77653,2
77654,2
77655,2
77656,0
77657,2
77658,2
77659,1
77660,2
77661,2
77662,0
77663,0
77664,0
77665,0
77666,2
77667,2
77668,2
77669,0
77670,0
77671,2
77672,2
77673,2
77674,2
77675,0
77676,0
77677,0
77678,2
77679,0
77680,0
77681,0
77682,0
77683,0
77684,2
77685,0
77686,0
77687,0
77688,0
77689,0
77690,0
77691,0
77692,0
77693,0
77694,2
77695,2
77696,2
77697,2
77698,2
77699,2
77700,2
77701,2
77702,2
77703,0
77704,0
77705,0
77706,0
77707,0
77708,0
77709,0
77710,0
77711,2
77712,0
77713,0
77714,2
77715,1
77716,0
77717,1
77718,1
77719,2
77720,2
77721,2
77722,2
77723,2
77724,0
77725,2
77726,0
77727,2
77728,0
77729,2
77730,2
77731,0
77732,0
77733,0
77734,0
77735,0
77736,1
77737,2
77738,0
77739,0
77740,1
77741,2
77742,2
77743,2
77744,2
77745,2
77746,2
77747,0
77748,2
77749,1
77750,0
77751,2
77752,0
77753,0
77754,1
77755,2
77756,0
77757,2
77758,2
77759,0
77760,0
77761,2
77762,0
77763,0
77764,2
77765,2
77766,2
77767,2
77768,2
77769,2
77770,2
77771,2
77772,0
77773,2
77774,1
77775,2
77776,0
77777,0
77778,0
77779,1
77780,0
77781,2
77782,2
77783,2
77784,0
77785,0
77786,1
77787,0
77788,2
77789,2
77790,2
77791,2
77792,2
77793,2
77794,2
77795,2
77796,0
77797,2
77798,0
77799,1
77800,0
77801,0
77802,2
77803,2
77804,2
77805,2
77806,0
77807,0
77808,2
77809,2
77810,2
77811,0
77812,0
77813,2
77814,0
77815,2
77816,0
77817,0
77818,0
77819,0
77820,0
77821,2
77822,0
77823,0
77824,0
77825,0
77826,0
77827,0
77828,0
77829,0
77830,0
77831,2
77832,2
77833,2
77834,2
77835,2
77836,2
77837,2
77838,2
77839,2
77840,0
77841,0
77842,0
77843,0
77844,2
77845,0
77846,0
77847,0
77848,2
77849,0
77850,0
77851,2
77852,1
77853,0
77854,1
77855,1
77856,2
77857,2
77858,2
77859,2
77860,2
77861,1
77862,2
77863,0
77864,2
77865,2
77866,2
77867,2
77868,0
77869,0
77870,0
77871,0
77872,1
77873,0
77874,1
77875,0
77876,0
77877,1
77878,2
77879,2
77880,2
77881,2
77882,2
77883,2
77884,0
77885,2
77886,1
77887,0
77888,2
77889,0
77890,0
77891,1
77892,2
77893,2
77894,2
77895,2
77896,0
77897,0
77898,2
77899,0
77900,0
77901,2
77902,2
77903,2
77904,2
77905,2
77906,2
77907,2
77908,2
77909,0
77910,2
77911,1
77912,2
77913,0
77914,0
77915,0
77916,1
77917,0
77918,2
77919,2
77920,2
77921,0
77922,0
77923,1
77924,0
77925,2
77926,2
77927,2
77928,2
77929,2
77930,2
77931,2
77932,2
77933,0
77934,2
77935,2
77936,0
77937,0
77938,0
77939,2
77940,2
77941,2
77942,2
77943,0
77944,0
77945,2
77946,2
77947,2
77948,0
77949,0
77950,0
77951,0
77952,0
77953,0
77954,0
77955,0
77956,0
77957,0
77958,2
77959,0
77960,0
77961,0
77962,0
77963,0
77964,0
77965,0
77966,0
77967,0
77968,2
77969,2
77970,2
77971,2
77972,2
77973,2
77974,2
77975,2
77976,2
77977,0
77978,0
77979,0
77980,0
77981,0
77982,0
77983,0
77984,0
77985,2
77986,0
77987,0
77988,2
77989,0
77990,0
77991,0
77992,0
77993,0
77994,2
77995,0
77996,2
77997,2
77998,2
77999,2
78000,0
78001,2
78002,0
78003,2
78004,2
78005,0
78006,0
78007,0
78008,0
78009,0
78010,0
78011,2
78012,2
78013,0
78014,2
78015,2
78016,2
78017,2
78018,2
78019,2
78020,2
78021,0
78022,2
78023,2
78024,0
78025,2
78026,0
78027,0
78028,2
78029,2
78030,0
78031,2
78032,2
78033,0
78034,0
78035,0
78036,0
78037,0
78038,2
78039,2
78040,2
78041,2
78042,2
78043,2
78044,2
78045,2
78046,0
78047,2
78048,0
78049,2
78050,0
78051,0
78052,0
78053,2
78054,0
78055,2
78056,2
78057,2
78058,0
78059,0
78060,2
78061,0
78062,0
78063,0
78064,2
78065,2
78066,0
78067,2
78068,2
78069,2
78070,0
78071,2
78072,2
78073,0
78074,0
78075,0
78076,0
78077,2
78078,2
78079,2
78080,0
78081,0
78082,2
78083,2
78084,2
78085,2
78086,0
78087,0
78088,0
78089,2
78090,0
78091,0
78092,0
78093,0
78094,0
78095,2
78096,0
78097,0
78098,0
78099,0
78100,0
78101,0
78102,0
78103,0
78104,0
78105,2
78106,2
78107,2
78108,2
78109,2
78110,2
78111,2
78112,2
78113,2
78114,0
78115,0
78116,0
78117,0
78118,0
78119,0
78120,0
78121,0
78122,2
78123,0
78124,0
78125,2
78126,0
78127,0
78128,0
78129,0
78130,2
78131,2
78132,2
78133,2
78134,2
78135,0
78136,2
78137,0
78138,2
78139,2
78140,2
78141,2
78142,0
78143,0
78144,0
78145,0
78146,0
78147,0
78148,2
78149,0
78150,0
78151,0
78152,2
78153,2
78154,2
78155,2
78156,2
78157,2
78158,0
78159,2
78160,2
78161,0
78162,2
78163,0
78164,0
78165,2
78166,2
78167,0
78168,2
78169,2
78170,0
78171,0
78172,0
78173,0
78174,0
78175,2
78176,2
78177,2
78178,2
78179,2
78180,2
78181,2
78182,2
78183,0
78184,2
78185,0
78186,2
78187,0
78188,0
78189,0
78190,2
78191,0
78192,2
78193,2
78194,2
78195,0
78196,0
78197,2
78198,0
78199,2
78200,2
78201,2
78202,2
78203,2
78204,2
78205,2
78206,2
78207,0
78208,2
78209,2
78210,0
78211,0
78212,0
78213,2
78214,2
78215,2
78216,2
78217,0
78218,0
78219,2
78220,2
78221,2
78222,2
78223,0
78224,0
78225,0
78226,2
78227,0
78228,0
78229,0
78230,0
78231,0
78232,0
78233,0
78234,0
78235,0
78236,0
78237,0
78238,0
78239,0
78240,0
78241,0
78242,2
78243,2
78244,2
78245,2
78246,2
78247,2
78248,2
78249,2
78250,2
78251,0
78252,0
78253,0
78254,0
78255,0
78256,0
78257,0
78258,0
78259,2
78260,0
78261,0
78262,2
78263,0
78264,0
78265,0
78266,0
78267,0
78268,2
78269,0
78270,2
78271,2
78272,0
78273,2
78274,0
78275,2
78276,0
78277,2
78278,2
78279,0
78280,0
78281,0
78282,0
78283,0
78284,0
78285,2
78286,0
78287,0
78288,0
78289,2
78290,2
78291,2
78292,2
78293,2
78294,2
78295,0
78296,2
78297,0
78298,0
78299,2
78300,0
78301,0
78302,2
78303,2
78304,0
78305,2
78306,2
78307,0
78308,0
78309,0
78310,0
78311,0
78312,2
78313,2
78314,2
78315,2
78316,2
78317,2
78318,2
78319,2
78320,0
78321,2
78322,0
78323,2
78324,0
78325,0
78326,0
78327,0
78328,0
78329,2
78330,2
78331,2
78332,0
78333,0
78334,0
78335,0
78336,2
78337,0
78338,2
78339,2
78340,2
78341,2
78342,2
78343,2
78344,0
78345,2
78346,2
78347,0
78348,0
78349,0
78350,0
78351,2
78352,2
78353,2
78354,0
78355,0
78356,2
78357,2
78358,2
78359,0
78360,0
78361,2
78362,0
78363,0
78364,0
78365,0
78366,0
78367,0
78368,0
78369,0
78370,0
78371,0
78372,0
78373,0
78374,0
78375,0
78376,0
78377,0
78378,0
78379,2
78380,2
78381,2
78382,2
78383,2
78384,2
78385,2
78386,2
78387,2
78388,0
78389,0
78390,0
78391,0
78392,0
78393,0
78394,0
78395,0
78396,2
78397,0
78398,0
78399,0
78400,0
78401,0
78402,0
78403,0
78404,0
78405,2
78406,0
78407,2
78408,2
78409,0
78410,2
78411,0
78412,2
78413,0
78414,2
78415,2
78416,0
78417,0
78418,0
78419,0
78420,0
78421,0
78422,2
78423,0
78424,0
78425,0
78426,2
78427,2
78428,2
78429,2
78430,2
78431,2
78432,0
78433,2
78434,0
78435,0
78436,2
78437,0
78438,0
78439,1
78440,2
78441,0
78442,0
78443,2
78444,0
78445,0
78446,0
78447,0
78448,0
78449,2
78450,2
78451,2
78452,2
78453,2
78454,2
78455,2
78456,2
78457,0
78458,2
78459,0
78460,0
78461,0
78462,0
78463,0
78464,0
78465,0
78466,2
78467,2
78468,2
78469,0
78470,0
78471,2
78472,0
78473,2
78474,1
78475,2
78476,2
78477,0
78478,2
78479,2
78480,2
78481,0
78482,0
78483,0
78484,0
78485,0
78486,0
78487,0
78488,2
78489,2
78490,0
78491,0
78492,0
78493,2
78494,2
78495,2
78496,2
78497,0
78498,0
78499,0
78500,0
78501,0
78502,0
78503,0
78504,0
78505,0
78506,0
78507,0
78508,0
78509,0
78510,0
78511,0
78512,0
78513,0
78514,0
78515,0
78516,2
78517,2
78518,2
78519,2
78520,2
78521,2
78522,2
78523,2
78524,2
78525,0
78526,0
78527,0
78528,0
78529,0
78530,0
78531,0
78532,0
78533,2
78534,0
78535,0
78536,0
78537,0
78538,0
78539,0
78540,0
78541,0
78542,2
78543,0
78544,2
78545,2
78546,2
78547,2
78548,0
78549,2
78550,0
78551,0
78552,2
78553,0
78554,0
78555,0
78556,0
78557,1
78558,0
78559,2
78560,2
78561,0
78562,2
78563,2
78564,2
78565,2
78566,2
78567,2
78568,2
78569,0
78570,2
78571,1
78572,0
78573,2
78574,0
78575,0
78576,0
78577,2
78578,0
78579,2
78580,2
78581,0
78582,0
78583,0
78584,0
78585,0
78586,2
78587,2
78588,2
78589,2
78590,2
78591,2
78592,2
78593,2
78594,0
78595,2
78596,0
78597,0
78598,0
78599,0
78600,0
78601,2
78602,0
78603,2
78604,2
78605,2
78606,0
78607,0
78608,2
78609,0
78610,2
78611,0
78612,2
78613,2
78614,0
78615,0
78616,2
78617,2
78618,0
78619,2
78620,2
78621,0
78622,0
78623,0
78624,0
78625,2
78626,2
78627,0
78628,0
78629,0
78630,0
78631,2
78632,2
78633,0
78634,0
78635,0
78636,0
78637,0
78638,0
78639,0
78640,0
78641,0
78642,0
78643,2
78644,0
78645,0
78646,0
78647,0
78648,0
78649,0
78650,0
78651,0
78652,0
78653,2
78654,2
78655,2
78656,2
78657,2
78658,2
78659,2
78660,2
78661,2
78662,0
78663,0
78664,0
78665,0
78666,0
78667,0
78668,0
78669,0
78670,2
78671,0
78672,0
78673,0
78674,1
78675,1
78676,1
78677,1
78678,2
78679,2
78680,0
78681,2
78682,2
78683,1
78684,2
78685,0
78686,2
78687,0
78688,2
78689,2
78690,0
78691,0
78692,0
78693,0
78694,1
78695,1
78696,1
78697,1
78698,0
78699,1
78700,2
78701,2
78702,2
78703,2
78704,2
78705,2
78706,0
78707,2
78708,1
78709,0
78710,2
78711,0
78712,0
78713,1
78714,2
78715,1
78716,2
78717,1
78718,1
78719,0
78720,1
78721,0
78722,0
78723,2
78724,2
78725,2
78726,2
78727,2
78728,2
78729,2
78730,2
78731,0
78732,2
78733,1
78734,2
78735,0
78736,0
78737,0
78738,1
78739,0
78740,2
78741,2
78742,2
78743,0
78744,0
78745,1
78746,0
78747,2
78748,2
78749,2
78750,2
78751,2
78752,2
78753,2
78754,0
78755,1
78756,2
78757,1
78758,1
78759,0
78760,0
78761,2
78762,2
78763,2
78764,0
78765,0
78766,0
78767,2
78768,2
78769,2
78770,0
78771,0
78772,1
78773,0
78774,1
78775,0
78776,0
78777,0
78778,0
78779,0
78780,2
78781,0
78782,0
78783,0
78784,0
78785,0
78786,0
78787,0
78788,0
78789,0
78790,2
78791,2
78792,2
78793,2
78794,2
78795,2
78796,2
78797,2
78798,2
78799,0
78800,0
78801,0
78802,0
78803,0
78804,0
78805,0
78806,0
78807,2
78808,0
78809,0
78810,0
78811,0
78812,0
78813,0
78814,0
78815,0
78816,2
78817,0
78818,2
78819,2
78820,0
78821,2
78822,0
78823,2
78824,2
78825,2
78826,2
78827,0
78828,0
78829,0
78830,0
78831,0
78832,0
78833,2
78834,2
78835,0
78836,0
78837,2
78838,2
78839,2
78840,2
78841,2
78842,2
78843,0
78844,2
78845,2
78846,0
78847,2
78848,0
78849,0
78850,2
78851,2
78852,0
78853,2
78854,2
78855,0
78856,0
78857,0
78858,0
78859,0
78860,2
78861,2
78862,2
78863,2
78864,2
78865,2
78866,2
78867,2
78868,0
78869,2
78870,0
78871,2
78872,0
78873,0
78874,0
78875,2
78876,0
78877,2
78878,2
78879,2
78880,0
78881,0
78882,2
78883,0
78884,2
78885,0
78886,2
78887,2
78888,0
78889,2
78890,2
78891,2
78892,0
78893,2
78894,2
78895,0
78896,0
78897,0
78898,0
78899,2
78900,2
78901,2
78902,0
78903,0
78904,0
78905,2
78906,2
78907,0
78908,0
78909,0
78910,0
78911,0
78912,0
78913,0
78914,0
78915,0
78916,0
78917,0
78918,0
78919,0
78920,0
78921,0
78922,0
78923,0
78924,0
78925,0
78926,0
78927,2
78928,2
78929,2
78930,2
78931,2
78932,2
78933,2
78934,2
78935,2
78936,0
78937,0
78938,0
78939,0
78940,0
78941,0
78942,0
78943,0
78944,2
78945,0
78946,0
78947,2
78948,0
78949,0
78950,0
78951,0
78952,2
78953,2
78954,0
78955,2
78956,2
78957,0
78958,2
78959,0
78960,2
78961,0
78962,2
78963,2
78964,0
78965,0
78966,0
78967,0
78968,0
78969,0
78970,2
78971,0
78972,0
78973,0
78974,2
78975,2
78976,2
78977,2
78978,2
78979,2
78980,0
78981,2
78982,0
78983,0
78984,2
78985,0
78986,0
78987,0
78988,2
78989,0
78990,0
78991,2
78992,0
78993,0
78994,2
78995,0
78996,0
78997,2
78998,2
78999,2
79000,2
79001,2
79002,2
79003,2
79004,2
79005,0
79006,2
79007,0
79008,0
79009,0
79010,0
79011,0
79012,0
79013,0
79014,2
79015,2
79016,2
79017,0
79018,0
79019,2
79020,0
79021,2
79022,0
79023,2
79024,2
79025,2
79026,2
79027,2
79028,2
79029,0
79030,0
79031,0
79032,0
79033,0
79034,0
79035,0
79036,2
79037,2
79038,0
79039,0
79040,0
79041,2
79042,2
79043,2
79044,2
79045,0
79046,0
79047,0
79048,0
79049,0
79050,0
79051,0
79052,0
79053,0
79054,0
79055,0
79056,0
79057,0
79058,0
79059,0
79060,0
79061,0
79062,0
79063,0
79064,2
79065,2
79066,2
79067,2
79068,2
79069,2
79070,2
79071,2
79072,2
79073,0
79074,0
79075,0
79076,0
79077,0
79078,0
79079,0
79080,0
79081,2
79082,0
79083,0
79084,2
79085,0
79086,0
79087,0
79088,0
79089,0
79090,2
79091,0
79092,2
79093,2
79094,0
79095,2
79096,0
79097,2
79098,0
79099,0
79100,2
79101,0
79102,0
79103,0
79104,0
79105,0
79106,0
79107,2
79108,0
79109,0
79110,0
79111,2
79112,2
79113,2
79114,2
79115,2
79116,2
79117,0
79118,2
79119,0
79120,0
79121,2
79122,0
79123,0
79124,0
79125,2
79126,0
79127,0
79128,2
79129,0
79130,0
79131,0
79132,0
79133,0
79134,2
79135,2
79136,2
79137,2
79138,2
79139,2
79140,2
79141,2
79142,0
79143,2
79144,0
79145,0
79146,0
79147,0
79148,0
79149,0
79150,0
79151,2
79152,2
79153,2
79154,0
79155,0
79156,0
79157,0
79158,2
79159,0
79160,2
79161,2
79162,0
79163,2
79164,2
79165,2
79166,0
79167,0
79168,0
79169,0
79170,0
79171,0
79172,2
79173,2
79174,2
79175,0
79176,0
79177,0
79178,2
79179,2
79180,2
79181,0
79182,0
79183,0
79184,0
79185,0
79186,0
79187,0
79188,0
79189,0
79190,0
79191,0
79192,0
79193,0
79194,0
79195,0
79196,0
79197,0
79198,0
79199,0
79200,0
79201,2
79202,2
79203,2
79204,2
79205,2
79206,2
79207,2
79208,2
79209,2
79210,0
79211,0
79212,0
79213,0
79214,0
79215,0
79216,0
79217,0
79218,2
79219,0
79220,0
79221,2
79222,0
79223,0
79224,0
79225,0
79226,0
79227,2
79228,0
79229,2
79230,2
79231,0
79232,2
79233,0
79234,2
79235,2
79236,2
79237,2
79238,0
79239,0
79240,0
79241,0
79242,0
79243,0
79244,0
79245,0
79246,0
79247,0
79248,2
79249,2
79250,2
79251,2
79252,2
79253,2
79254,0
79255,2
79256,0
79257,0
79258,2
79259,0
79260,0
79261,0
79262,0
79263,0
79264,2
79265,2
79266,0
79267,0
79268,0
79269,0
79270,0
79271,2
79272,2
79273,2
79274,2
79275,2
79276,2
79277,2
79278,2
79279,0
79280,2
79281,0
79282,2
79283,0
79284,0
79285,0
79286,0
79287,0
79288,2
79289,2
79290,2
79291,0
79292,0
79293,0
79294,0
79295,2
79296,0
79297,2
79298,2
79299,0
79300,2
79301,2
79302,2
79303,0
79304,0
79305,0
79306,0
79307,0
79308,0
79309,2
79310,2
79311,2
79312,0
79313,0
79314,0
79315,2
79316,2
79317,2
79318,2
79319,0
79320,0
79321,0
79322,0
79323,0
79324,0
79325,0
79326,0
79327,0
79328,0
79329,0
79330,0
79331,0
79332,0
79333,0
79334,0
79335,0
79336,0
79337,0
79338,2
79339,2
79340,2
79341,2
79342,2
79343,2
79344,2
79345,2
79346,2
79347,0
79348,0
79349,0
79350,0
79351,2
79352,0
79353,0
79354,0
79355,2
79356,0
79357,0
79358,2
79359,0
79360,0
79361,0
79362,0
79363,2
79364,2
79365,0
79366,2
79367,2
79368,1
79369,2
79370,0
79371,2
79372,0
79373,2
79374,2
79375,0
79376,0
79377,0
79378,0
79379,0
79380,0
79381,1
79382,0
79383,0
79384,0
79385,2
79386,2
79387,2
79388,2
79389,2
79390,2
79391,0
79392,1
79393,0
79394,0
79395,2
79396,0
79397,0
79398,1
79399,1
79400,0
79401,0
79402,1
79403,0
79404,0
79405,0
79406,0
79407,0
79408,1
79409,2
79410,2
79411,2
79412,2
79413,2
79414,2
79415,2
79416,0
79417,2
79418,0
79419,0
79420,0
79421,0
79422,0
79423,0
79424,0
79425,2
79426,2
79427,2
79428,0
79429,0
79430,1
79431,0
79432,2
79433,1
79434,2
79435,1
79436,2
79437,0
79438,2
79439,2
79440,0
79441,0
79442,0
79443,0
79444,0
79445,0
79446,0
79447,2
79448,2
79449,0
79450,0
79451,0
79452,2
79453,2
79454,2
79455,0
79456,0
79457,0
79458,0
79459,0
79460,0
79461,0
79462,0
79463,0
79464,0
79465,2
79466,0
79467,0
79468,0
79469,0
79470,0
79471,0
79472,0
79473,0
79474,0
79475,2
79476,2
79477,2
79478,2
79479,2
79480,2
79481,2
79482,2
79483,2
79484,0
79485,0
79486,0
79487,0
79488,2
79489,0
79490,0
79491,0
79492,2
79493,0
79494,0
79495,2
79496,1
79497,0
79498,0
79499,1
79500,2
79501,2
79502,0
79503,2
79504,2
79505,0
79506,2
79507,0
79508,2
79509,0
79510,2
79511,2
79512,0
79513,0
79514,0
79515,0
79516,0
79517,1
79518,2
79519,0
79520,0
79521,1
79522,2
79523,2
79524,2
79525,2
79526,2
79527,2
79528,0
79529,2
79530,1
79531,0
79532,2
79533,0
79534,0
79535,1
79536,2
79537,2
79538,2
79539,2
79540,0
79541,0
79542,0
79543,0
79544,0
79545,2
79546,2
79547,2
79548,2
79549,2
79550,2
79551,2
79552,2
79553,0
79554,2
79555,1
79556,2
79557,0
79558,0
79559,0
79560,1
79561,0
79562,2
79563,2
79564,2
79565,0
79566,0
79567,2
79568,0
79569,2
79570,2
79571,2
79572,2
79573,2
79574,2
79575,2
79576,2
79577,0
79578,2
79579,2
79580,0
79581,0
79582,0
79583,0
79584,2
79585,2
79586,2
79587,0
79588,0
79589,2
79590,2
79591,2
79592,2
79593,0
79594,0
79595,0
79596,0
79597,0
79598,0
79599,0
79600,0
79601,0
79602,2
79603,0
79604,0
79605,0
79606,0
79607,0
79608,0
79609,0
79610,0
79611,0
79612,2
79613,2
79614,2
79615,2
79616,2
79617,2
79618,2
79619,2
79620,2
79621,0
79622,0
79623,0
79624,0
79625,2
79626,0
79627,0
79628,0
79629,2
79630,0
79631,0
79632,0
79633,2
79634,0
79635,0
79636,0
79637,2
79638,2
79639,2
79640,2
79641,2
79642,2
79643,2
79644,0
79645,2
79646,2
79647,0
79648,2
79649,0
79650,0
79651,0
79652,0
79653,0
79654,2
79655,2
79656,2
79657,0
79658,2
79659,2
79660,2
79661,2
79662,2
79663,2
79664,2
79665,0
79666,2
79667,2
79668,0
79669,2
79670,0
79671,0
79672,2
79673,2
79674,2
79675,2
79676,2
79677,0
79678,0
79679,0
79680,0
79681,0
79682,2
79683,2
79684,2
79685,2
79686,2
79687,2
79688,2
79689,2
79690,0
79691,2
79692,0
79693,2
79694,0
79695,0
79696,0
79697,2
79698,0
79699,2
79700,2
79701,2
79702,0
79703,0
79704,2
79705,0
79706,2
79707,2
79708,2
79709,2
79710,0
79711,2
79712,2
79713,2
79714,0
79715,2
79716,2
79717,0
79718,0
79719,0
79720,2
79721,2
79722,0
79723,2
79724,0
79725,0
79726,2
79727,2
79728,2
79729,0
79730,0
79731,2
79732,0
79733,0
79734,0
79735,0
79736,0
79737,0
79738,0
79739,0
79740,0
79741,0
79742,0
79743,0
79744,0
79745,0
79746,0
79747,0
79748,0
79749,2
79750,2
79751,2
79752,2
79753,2
79754,2
79755,2
79756,2
79757,2
79758,0
79759,0
79760,0
79761,0
79762,0
79763,0
79764,0
79765,0
79766,2
79767,0
79768,0
79769,0
79770,0
79771,0
79772,0
79773,0
79774,0
79775,2
79776,0
79777,2
79778,2
79779,0
79780,2
79781,0
79782,2
79783,0
79784,0
79785,0
79786,0
79787,0
79788,0
79789,0
79790,0
79791,0
79792,2
79793,0
79794,0
79795,0
79796,2
79797,2
79798,2
79799,2
79800,2
79801,2
79802,0
79803,2
79804,0
79805,0
79806,0
79807,0
79808,0
79809,0
79810,0
79811,0
79812,0
79813,2
79814,0
79815,0
79816,0
79817,0
79818,0
79819,2
79820,2
79821,2
79822,2
79823,0
79824,2
79825,2
79826,2
79827,0
79828,2
79829,0
79830,0
79831,0
79832,0
79833,0
79834,0
79835,0
79836,2
79837,2
79838,2
79839,0
79840,0
79841,0
79842,0
79843,2
79844,0
79845,2
79846,2
79847,0
79848,0
79849,2
79850,0
79851,0
79852,0
79853,0
79854,0
79855,0
79856,0
79857,0
79858,2
79859,2
79860,0
79861,0
79862,0
79863,0
79864,2
79865,2
79866,0
79867,0
79868,0
79869,0
79870,0
79871,0
79872,0
79873,0
79874,0
79875,0
79876,2
79877,0
79878,0
79879,0
79880,0
79881,0
79882,0
79883,0
79884,0
79885,0
79886,2
79887,2
79888,2
79889,2
79890,2
79891,2
79892,2
79893,2
79894,2
79895,0
79896,0
79897,0
79898,0
79899,0
79900,0
79901,0
79902,0
79903,2
79904,0
79905,0
79906,2
79907,0
79908,0
79909,1
79910,0
79911,2
79912,2
79913,0
79914,2
79915,2
79916,2
79917,2
79918,0
79919,2
79920,0
79921,0
79922,2
79923,0
79924,0
79925,0
79926,0
79927,2
79928,2
79929,2
79930,2
79931,0
79932,2
79933,2
79934,2
79935,2
79936,2
79937,2
79938,2
79939,2
79940,2
79941,2
79942,0
79943,2
79944,0
79945,0
79946,2
79947,2
79948,2
79949,2
79950,2
79951,0
79952,0
79953,2
79954,0
79955,0
79956,2
79957,2
79958,2
79959,2
79960,2
79961,2
79962,2
79963,2
79964,0
79965,2
79966,1
79967,2
79968,0
79969,0
79970,0
79971,2
79972,0
79973,2
79974,2
79975,2
79976,0
79977,0
79978,2
79979,0
79980,2
79981,0
79982,2
79983,2
79984,2
79985,0
79986,2
79987,2
79988,1
79989,2
79990,2
79991,0
79992,0
79993,0
79994,0
79995,2
79996,2
79997,2
79998,0
79999,0
80000,2
80001,2
80002,2
80003,2
80004,0
80005,0
80006,2
80007,0
80008,0
80009,0
80010,0
80011,0
80012,0
80013,2
80014,0
80015,0
80016,0
80017,0
80018,0
80019,0
80020,0
80021,0
80022,0
80023,2
80024,2
80025,2
80026,2
80027,2
80028,2
80029,2
80030,2
80031,2
80032,0
80033,0
80034,0
80035,0
80036,2
80037,2
80038,0
80039,0
80040,2
80041,0
80042,0
80043,2
80044,2
80045,0
80046,1
80047,2
80048,2
80049,2
80050,2
80051,2
80052,2
80053,2
80054,2
80055,0
80056,2
80057,2
80058,2
80059,2
80060,0
80061,0
80062,0
80063,0
80064,2
80065,2
80066,2
80067,2
80068,0
80069,2
80070,2
80071,2
80072,2
80073,2
80074,2
80075,2
80076,2
80077,2
80078,2
80079,2
80080,2
80081,0
80082,0
80083,2
80084,2
80085,2
80086,2
80087,2
80088,2
80089,0
80090,2
80091,2
80092,0
80093,2
80094,2
80095,2
80096,2
80097,2
80098,2
80099,2
80100,2
80101,0
80102,2
80103,2
80104,2
80105,0
80106,0
80107,0
80108,2
80109,0
80110,2
80111,2
80112,2
80113,0
80114,0
80115,2
80116,0
80117,2
80118,2
80119,2
80120,2
80121,2
80122,2
80123,2
80124,2
80125,2
80126,2
80127,2
80128,2
80129,2
80130,0
80131,2
80132,2
80133,2
80134,2
80135,0
80136,0
80137,2
80138,2
80139,2
80140,2
80141,0
80142,2
80143,2
80144,2
80145,0
80146,0
80147,0
80148,0
80149,0
80150,2
80151,0
80152,0
80153,0
80154,0
80155,0
80156,0
80157,0
80158,0
80159,0
80160,2
80161,2
80162,2
80163,2
80164,2
80165,2
80166,2
80167,2
80168,2
80169,0
80170,0
80171,0
80172,0
80173,0
80174,0
80175,0
80176,0
80177,2
80178,0
80179,0
80180,2
80181,0
80182,0
80183,0
80184,0
80185,2
80186,2
80187,0
80188,2
80189,2
80190,0
80191,2
80192,0
80193,2
80194,0
80195,2
80196,2
80197,0
80198,0
80199,0
80200,0
80201,0
80202,0
80203,2
80204,0
80205,0
80206,0
80207,2
80208,2
80209,2
80210,2
80211,2
80212,2
80213,0
80214,2
80215,0
80216,0
80217,2
80218,0
80219,0
80220,1
80221,2
80222,0
80223,2
80224,2
80225,0
80226,0
80227,0
80228,0
80229,0
80230,2
80231,2
80232,2
80233,2
80234,2
80235,2
80236,2
80237,2
80238,0
80239,2
80240,0
80241,2
80242,0
80243,0
80244,0
80245,0
80246,0
80247,2
80248,2
80249,2
80250,0
80251,0
80252,1
80253,0
80254,2
80255,2
80256,2
80257,2
80258,2
80259,2
80260,2
80261,2
80262,0
80263,2
80264,0
80265,0
80266,0
80267,0
80268,2
80269,2
80270,2
80271,2
80272,0
80273,0
80274,2
80275,2
80276,2
80277,2
80278,0
80279,0
80280,0
80281,2
80282,0
80283,0
80284,0
80285,0
80286,0
80287,0
80288,0
80289,0
80290,0
80291,0
80292,0
80293,0
80294,0
80295,0
80296,0
80297,2
80298,2
80299,2
80300,2
80301,2
80302,2
80303,2
80304,2
80305,2
80306,0
80307,0
80308,0
80309,0
80310,0
80311,0
80312,0
80313,0
80314,2
80315,0
80316,0
80317,2
80318,0
80319,0
80320,0
80321,0
80322,2
80323,2
80324,0
80325,2
80326,2
80327,0
80328,2
80329,0
80330,2
80331,2
80332,2
80333,2
80334,0
80335,0
80336,0
80337,0
80338,0
80339,0
80340,2
80341,0
80342,0
80343,0
80344,2
80345,2
80346,2
80347,2
80348,2
80349,2
80350,0
80351,2
80352,0
80353,0
80354,2
80355,0
80356,0
80357,0
80358,0
80359,0
80360,0
80361,2
80362,0
80363,0
80364,0
80365,0
80366,0
80367,2
80368,2
80369,2
80370,2
80371,2
80372,2
80373,2
80374,2
80375,0
80376,2
80377,0
80378,0
80379,0
80380,0
80381,0
80382,0
80383,0
80384,2
80385,2
80386,2
80387,0
80388,0
80389,0
80390,0
80391,2
80392,0
80393,2
80394,2
80395,2
80396,2
80397,2
80398,2
80399,0
80400,0
80401,0
80402,0
80403,0
80404,0
80405,2
80406,2
80407,2
80408,2
80409,0
80410,0
80411,2
80412,2
80413,2
80414,2
80415,0
80416,0
80417,0
80418,0
80419,0
80420,0
80421,0
80422,0
80423,0
80424,2
80425,0
80426,0
80427,0
80428,0
80429,0
80430,0
80431,0
80432,0
80433,0
80434,2
80435,2
80436,2
80437,2
80438,2
80439,2
80440,2
80441,2
80442,2
80443,0
80444,0
80445,0
80446,0
80447,0
80448,0
80449,0
80450,0
80451,2
80452,0
80453,0
80454,0
80455,0
80456,0
80457,0
80458,0
80459,0
80460,2
80461,0
80462,2
80463,2
80464,2
80465,2
80466,0
80467,2
80468,0
80469,0
80470,0
80471,0
80472,0
80473,0
80474,0
80475,0
80476,0
80477,2
80478,2
80479,0
80480,0
80481,2
80482,2
80483,2
80484,2
80485,2
80486,2
80487,0
80488,2
80489,2
80490,0
80491,2
80492,0
80493,0
80494,2
80495,2
80496,0
80497,2
80498,2
80499,0
80500,0
80501,2
80502,0
80503,0
80504,2
80505,2
80506,2
80507,2
80508,1
80509,2
80510,2
80511,2
80512,0
80513,2
80514,1
80515,2
80516,0
80517,0
80518,0
80519,2
80520,0
80521,0
80522,2
80523,2
80524,0
80525,0
80526,2
80527,0
80528,2
80529,0
80530,2
80531,2
80532,2
80533,0
80534,2
80535,0
80536,0
80537,2
80538,2
80539,0
80540,0
80541,0
80542,0
80543,2
80544,2
80545,2
80546,0
80547,0
80548,0
80549,2
80550,2
80551,0
80552,0
80553,0
80554,0
80555,2
